1478.01
1495.60
651.03
1372.43
1284.46
1231.67
1143.69
1108.50
1002.93
1020.53
1090.91
1002.93
1073.31
1090.91
862.17
1090.91
1038.12
1090.91
1090.91
1108.50
985.34
1073.31
1020.53
1020.53
1038.12
1038.12
1002.93
1020.53
932.55
1020.53
1055.72
615.84
1073.31
1038.12
1090.91
1073.31
1073.31
1108.50
1090.91
1196.48
1143.69
1178.89
1196.48
1196.48
1249.27
1214.08
1319.65
1319.65
1214.08
1302.05
1284.46
1319.65
1214.08
1337.24
1266.86
1284.46
1284.46
1284.46
1302.05
1231.67
1249.27
1143.69
1143.69
985.34
967.74
844.57
809.38
791.79
774.19
950.15
844.57
897.36
985.34
967.74
1002.93
1055.72
1178.89
1161.29
1214.08
1196.48
1143.69
1266.86
1266.86
1302.05
1302.05
1302.05
1425.22
1442.82
1442.82
1372.43
1583.58
1530.79
1530.79
1337.24
1513.20
1583.58
1513.20
1442.82
1425.22
1460.41
1407.62
1460.41
1478.01
1495.60
1442.82
1530.79
1407.62
1495.60
1478.01
1548.39
1372.43
1460.41
1495.60
1460.41
1548.39
1777.13
1495.60
1478.01
1460.41
1513.20
1548.39
1548.39
1513.20
1618.77
1548.39
1530.79
1548.39
1495.60
1442.82
1495.60
1513.20
1548.39
1530.79
1583.58
1442.82
1601.17
1495.60
1706.74
1583.58
1601.17
1601.17
1601.17
1636.36
1583.58
1653.96
1706.74
1741.94
1777.13
1777.13
1724.34
1759.53
1689.15
1724.34
1653.96
1671.55
1689.15
1689.15
1724.34
1706.74
1724.34
1777.13
1777.13
1759.53
1724.34
1724.34
1618.77
1917.89
1618.77
1706.74
1689.15
1724.34
1636.36
1741.94
1741.94
1724.34
1689.15
1671.55
1724.34
1706.74
1759.53
1671.55
1565.98
1636.36
1636.36
1583.58
1618.77
1618.77
1618.77
1565.98
1618.77
1636.36
1601.17
1636.36
1636.36
1636.36
1724.34
1636.36
1636.36
1478.01
1671.55
1689.15
1706.74
1636.36
1689.15
1618.77
1530.79
1671.55
1565.98
1653.96
2058.65
1706.74
1706.74
1618.77
1671.55
1636.36
1671.55
1513.20
1671.55
1565.98
1653.96
1636.36
1689.15
1565.98
1583.58
1601.17
1741.94
1741.94
1653.96
1548.39
1583.58
1565.98
1513.20
1530.79
1565.98
1530.79
1671.55
1689.15
1689.15
1724.34
1618.77
1565.98
1759.53
1759.53
1671.55
1794.72
1794.72
1724.34
1777.13
1777.13
1829.91
1847.51
1865.10
1759.53
1812.32
1777.13
1741.94
1741.94
1724.34
1653.96
1741.94
1689.15
1689.15
1548.39
1636.36
1601.17
1442.82
1548.39
1513.20
1390.03
1495.60
1407.62
1442.82
1390.03
1478.01
1583.58
1548.39
1513.20
1478.01
1495.60
1425.22
1530.79
1495.60
1460.41
1583.58
1548.39
1565.98
1565.98
1601.17
1513.20
1442.82
1390.03
1266.86
1319.65
1372.43
1442.82
1390.03
1442.82
1442.82
1390.03
1407.62
1425.22
1372.43
1372.43
1372.43
1495.60
1425.22
1478.01
1442.82
1759.53
1460.41
1513.20
1495.60
1495.60
1495.60
1495.60
1548.39
1478.01
1530.79
1548.39
1513.20
1530.79
1495.60
1636.36
1759.53
1460.41
1495.60
1442.82
1460.41
1460.41
1425.22
1478.01
1495.60
1478.01
1478.01
1530.79
1565.98
1513.20
1530.79
1565.98
1565.98
1530.79
1618.77
1565.98
1565.98
1548.39
1530.79
1530.79
1548.39
1601.17
1020.53
1460.41
1565.98
1565.98
1548.39
1530.79
1565.98
1583.58
1548.39
1495.60
1565.98
1513.20
1565.98
1530.79
1548.39
1601.17
1601.17
1548.39
1460.41
1442.82
1390.03
1319.65
1284.46
1196.48
1090.91
1073.31
1020.53
1020.53
1020.53
1002.93
844.57
809.38
1108.50
844.57
334.31
862.17
826.98
826.98
862.17
862.17
914.96
932.55
1002.93
1020.53
1055.72
1038.12
809.38
932.55
791.79
703.81
809.38
756.60
756.60
756.60
703.81
686.22
686.22
580.65
563.05
527.86
563.05
334.31
492.67
475.07
439.88
369.50
299.12
211.14
140.76
105.57
87.98
0.00
0.00
0.00
0.00
0.00
0.00
0.00
0.00
0.00
0.00
0.00
0.00
0.00
0.00
0.00
0.00
17.60
70.38
158.36
334.31
404.69
510.26
580.65
668.62
739.00
756.60
791.79
897.36
1002.93
1020.53
1073.31
351.91
1108.50
1161.29
1214.08
1319.65
1284.46
1319.65
1354.84
1390.03
1390.03
1442.82
1425.22
1407.62
1530.79
1372.43
1319.65
1319.65
1953.08
1231.67
1161.29
1214.08
1231.67
1302.05
1372.43
1302.05
1337.24
1319.65
1425.22
1425.22
1442.82
1460.41
1495.60
1548.39
1548.39
1583.58
1460.41
1601.17
1565.98
1689.15
1601.17
1478.01
1530.79
1794.72
1618.77
1565.98
1583.58
1478.01
1513.20
1548.39
1636.36
1442.82
1583.58
1495.60
1565.98
1530.79
1513.20
1495.60
1372.43
1513.20
1442.82
1442.82
1495.60
1530.79
1495.60
1513.20
1495.60
1460.41
1442.82
1495.60
1407.62
1495.60
1513.20
1390.03
1513.20
1460.41
1548.39
1407.62
1513.20
1495.60
1284.46
1442.82
1513.20
1495.60
985.34
1530.79
1442.82
1442.82
1407.62
1636.36
1460.41
1460.41
1354.84
1372.43
1284.46
1302.05
1249.27
1302.05
1372.43
1302.05
1354.84
1407.62
1425.22
1794.72
1442.82
1478.01
1407.62
1495.60
1407.62
1530.79
1478.01
1407.62
1372.43
1460.41
1442.82
1407.62
1390.03
1425.22
1390.03
1460.41
1478.01
1442.82
1425.22
1478.01
1425.22
1372.43
1478.01
1460.41
1513.20
1495.60
1460.41
1442.82
1390.03
1425.22
1425.22
1407.62
1513.20
1478.01
1513.20
1425.22
1513.20
1390.03
1425.22
1513.20
1478.01
1126.10
1565.98
1583.58
1478.01
Pulsa 1 para comenzar la toma de datos
Pulsa 1 para comenzar la toma de datos

