Pulsa 1 para comenzar la toma de datos
Pulsa 1 para comenzar la toma de datos
3096.77
2956.01
3096.77
2956.01
3043.99
3096.77
3131.96
3079.18
3043.99
3096.77
3096.77
3131.96
3149.56
3096.77
3008.80
3043.99
2832.84
3008.80
3008.80
2868.04
3043.99
3008.80
3061.58
3061.58
2973.61
3008.80
2991.20
2903.23
2850.44
2850.44
2868.04
2832.84
2709.68
2727.27
2604.11
2692.08
2744.87
2621.70
2568.91
2656.89
2604.11
2516.13
2533.72
2604.11
2568.91
2656.89
2656.89
2656.89
2568.91
2780.06
2709.68
2709.68
2621.70
2744.87
2692.08
2903.23
2815.25
2885.63
2973.61
2903.23
2762.46
2938.42
2991.20
2991.20
2744.87
2674.49
2868.04
2832.84
2868.04
2621.70
2744.87
2797.65
2832.84
2832.84
2885.63
2991.20
3026.39
2956.01
3043.99
3043.99
2956.01
3079.18
3096.77
3043.99
3043.99
3114.37
3114.37
3167.16
3149.56
3114.37
2920.82
3149.56
3008.80
2956.01
2956.01
3008.80
2991.20
3008.80
3061.58
3114.37
2956.01
3131.96
2991.20
2815.25
3061.58
3079.18
3079.18
3061.58
3061.58
3043.99
3061.58
3061.58
3043.99
2832.84
3008.80
2973.61
2973.61
2885.63
3026.39
2903.23
2991.20
2991.20
2991.20
2885.63
3026.39
2885.63
2973.61
3043.99
3026.39
2956.01
2885.63
2920.82
3043.99
3026.39
2991.20
3008.80
2956.01
3043.99
2920.82
3026.39
2973.61
3026.39
2991.20
3061.58
3026.39
3008.80
3026.39
2920.82
3026.39
3026.39
3061.58
3026.39
2903.23
3008.80
3026.39
2991.20
3026.39
3008.80
3061.58
2920.82
3043.99
3061.58
2938.42
3096.77
2938.42
3096.77
3079.18
3043.99
3290.32
3079.18
2868.04
3008.80
3043.99
3061.58
2991.20
2868.04
3008.80
2973.61
2973.61
2920.82
2815.25
2832.84
2815.25
2956.01
2956.01
2938.42
2058.65
2920.82
3008.80
2885.63
2956.01
2956.01
2850.44
2832.84
2973.61
2903.23
2991.20
2903.23
2850.44
3131.96
2920.82
2920.82
2797.65
2832.84
2780.06
2815.25
2815.25
2991.20
2780.06
2868.04
2920.82
2868.04
2868.04
2903.23
2903.23
2727.27
2973.61
2938.42
2991.20
2973.61
2991.20
2815.25
2938.42
2885.63
2938.42
2692.08
2920.82
2920.82
2903.23
2832.84
2797.65
3008.80
2938.42
2815.25
2956.01
2973.61
3149.56
2815.25
2762.46
2832.84
3272.73
2920.82
2903.23
2868.04
2868.04
2956.01
2991.20
2956.01
2885.63
2797.65
2885.63
2428.15
2832.84
2885.63
2885.63
2780.06
3307.92
2868.04
2832.84
2727.27
2832.84
2885.63
2850.44
2868.04
2815.25
2815.25
2885.63
2727.27
2815.25
2850.44
2780.06
2797.65
2797.65
2762.46
2797.65
2744.87
2780.06
2850.44
2832.84
2780.06
2744.87
2639.30
2832.84
2850.44
2762.46
2903.23
2797.65
3026.39
2920.82
2850.44
2956.01
3255.13
2832.84
2885.63
2850.44
2956.01
2973.61
2991.20
2920.82
2797.65
2656.89
2885.63
3202.35
2920.82
2920.82
2780.06
2938.42
2762.46
3008.80
2815.25
2920.82
2780.06
2938.42
2938.42
2762.46
2903.23
2903.23
2938.42
2938.42
2920.82
2973.61
2920.82
2797.65
2744.87
2797.65
2832.84
2868.04
2956.01
2885.63
2938.42
2956.01
2991.20
2885.63
2903.23
2780.06
2938.42
3008.80
2815.25
2956.01
2991.20
2938.42
2797.65
2744.87
2797.65
2920.82
2920.82
2780.06
2991.20
2815.25
2885.63
2868.04
2797.65
2797.65
2832.84
2868.04
2744.87
2868.04
2797.65
2850.44
2850.44
2780.06
2586.51
2762.46
2885.63
2656.89
2692.08
2780.06
2656.89
2797.65
2674.49
2832.84
3008.80
2568.91
2692.08
2797.65
2621.70
2692.08
2780.06
2797.65
2780.06
2692.08
2780.06
2709.68
2780.06
2621.70
2709.68
2780.06
2744.87
2903.23
2780.06
2674.49
2656.89
2815.25
2815.25
2885.63
2903.23
2832.84
2850.44
2692.08
3043.99
2850.44
2850.44
2797.65
3008.80
2991.20
3008.80
2903.23
3026.39
2991.20
2692.08
2991.20
2991.20
3061.58
3061.58
3043.99
2832.84
3026.39
3043.99
2973.61
2832.84
3026.39
3043.99
2956.01
3043.99
3079.18
2991.20
2938.42
2885.63
3043.99
3008.80
3008.80
3026.39
3008.80
2956.01
2885.63
3061.58
3043.99
2885.63
3061.58
3026.39
2956.01
3008.80
3043.99
3008.80
2991.20
3026.39
3008.80
3026.39
2991.20
2903.23
3079.18
3096.77
2920.82
2744.87
2111.44
2903.23
2973.61
3026.39
2850.44
2956.01
2991.20
2832.84
2850.44
3008.80
3026.39
3096.77
3008.80
2956.01
2920.82
2885.63
2991.20
3026.39
3008.80
2991.20
2850.44
3061.58
3043.99
3079.18
3061.58
3008.80
3008.80
2868.04
2903.23
2991.20
3008.80
2991.20
2991.20
2815.25
2815.25
3026.39
3043.99
3026.39
2920.82
2973.61
2850.44
3079.18
3043.99
3043.99
3008.80
3043.99
3061.58
3043.99
2832.84
3343.11
3131.96
3114.37
3114.37
3096.77
3131.96
3079.18
3149.56
3043.99
2956.01
3043.99
3096.77
2956.01
2920.82
3114.37
3096.77
2920.82
3131.96
3167.16
2991.20
3131.96
3149.56
3079.18
3079.18
3043.99
2920.82
3061.58
3026.39
2956.01
3026.39
2973.61
2991.20
3061.58
3061.58
3079.18
3131.96
3096.77
2920.82
3079.18
2938.42
2868.04
2973.61
2920.82
2885.63
2938.42
3026.39
2815.25
3008.80
3026.39
3008.80
3079.18
2868.04
2920.82
3008.80
2991.20
2885.63
3026.39
2991.20
2850.44
2973.61
3008.80
3061.58
2920.82
2991.20
2938.42
3026.39
2991.20
2850.44
3589.44
2991.20
3043.99
2868.04
2903.23
3008.80
3026.39
3008.80
3043.99
3026.39
3008.80
2920.82
2850.44
2903.23
2956.01
2956.01
3026.39
2850.44
2991.20
2938.42
2850.44
2938.42
2938.42
2973.61
2956.01
2762.46
2938.42
2885.63
Pulsa 1 para comenzar la toma de datos
Pulsa 1 para comenzar la toma de datos

