2656.89
2621.70
2480.94
2709.68
2586.51
2727.27
2744.87
2674.49
2709.68
2832.84
2586.51
2744.87
2832.84
2780.06
2762.46
2709.68
2709.68
2780.06
2586.51
2762.46
2744.87
2727.27
2762.46
1935.48
2674.49
2656.89
2692.08
2674.49
2639.30
2621.70
2656.89
2604.11
2516.13
2639.30
2568.91
2445.75
2586.51
2604.11
2551.32
2375.37
2392.96
2428.15
2498.53
2498.53
2498.53
2428.15
2428.15
2375.37
2375.37
2375.37
2568.91
2586.51
2375.37
2480.94
2445.75
2428.15
2621.70
2604.11
2639.30
2674.49
2656.89
2551.32
2709.68
1970.67
2674.49
2674.49
2692.08
2586.51
2621.70
2744.87
2674.49
2551.32
2621.70
2692.08
2709.68
2709.68
2692.08
2639.30
2551.32
2780.06
2568.91
2762.46
2621.70
2762.46
2709.68
2604.11
2727.27
2727.27
2674.49
2586.51
2533.72
2744.87
2568.91
2692.08
2463.34
2674.49
2674.49
2533.72
2498.53
2656.89
2516.13
2639.30
2656.89
2516.13
2568.91
2674.49
2604.11
2674.49
2498.53
2692.08
2656.89
2533.72
2621.70
2480.94
2639.30
2639.30
2656.89
2692.08
2656.89
2692.08
2604.11
2516.13
2463.34
2604.11
2656.89
2639.30
2692.08
2709.68
2586.51
2692.08
2674.49
2604.11
2674.49
2709.68
2551.32
2639.30
2480.94
2709.68
2674.49
2692.08
2674.49
2656.89
2639.30
3043.99
2480.94
2463.34
2586.51
2533.72
2516.13
2551.32
2480.94
2498.53
2533.72
2533.72
2498.53
2516.13
2604.11
2516.13
2621.70
2586.51
2604.11
2674.49
2586.51
2604.11
2604.11
2692.08
2639.30
2709.68
2639.30
3184.75
2656.89
2656.89
2656.89
2621.70
2498.53
2639.30
2445.75
2533.72
2604.11
2568.91
2586.51
2568.91
2568.91
2604.11
2533.72
2551.32
2480.94
2428.15
2551.32
2551.32
2480.94
2586.51
2674.49
2516.13
2480.94
2533.72
2463.34
2568.91
2498.53
2586.51
2410.56
2516.13
2533.72
2551.32
2533.72
2516.13
2568.91
2498.53
2445.75
2533.72
2516.13
2445.75
2621.70
2568.91
2428.15
2639.30
2586.51
2586.51
2568.91
2498.53
2604.11
2375.37
2586.51
2392.96
2604.11
2639.30
2621.70
2621.70
2586.51
2604.11
2516.13
2533.72
2586.51
2551.32
2674.49
2656.89
2692.08
2639.30
2551.32
2674.49
2533.72
2727.27
2727.27
2850.44
2815.25
2780.06
2674.49
2797.65
2850.44
3272.73
2674.49
2815.25
2903.23
2868.04
2850.44
2727.27
2692.08
2815.25
2850.44
2832.84
2797.65
2850.44
2780.06
2832.84
2656.89
2709.68
2727.27
2815.25
2674.49
2692.08
2797.65
2674.49
2762.46
2780.06
2832.84
2868.04
2868.04
2780.06
2815.25
2780.06
2727.27
2850.44
2692.08
2621.70
2586.51
2516.13
2533.72
2516.13
2498.53
2516.13
2621.70
2674.49
2674.49
2604.11
2656.89
2621.70
2604.11
2498.53
2656.89
2568.91
2463.34
2551.32
2445.75
2463.34
2463.34
2357.77
2463.34
2463.34
2357.77
2463.34
2533.72
2304.99
2445.75
2498.53
2516.13
2480.94
2375.37
2480.94
2568.91
2410.56
2551.32
2533.72
2480.94
2604.11
2621.70
2639.30
2410.56
2674.49
2727.27
2621.70
2533.72
2674.49
2656.89
2709.68
2692.08
2586.51
2604.11
2621.70
2604.11
2568.91
2709.68
2744.87
2780.06
2727.27
2604.11
2744.87
2797.65
2621.70
2780.06
2744.87
2744.87
2568.91
2762.46
2656.89
2692.08
2762.46
2656.89
2885.63
2797.65
2762.46
2674.49
2674.49
2727.27
2692.08
2586.51
2656.89
2604.11
2568.91
2692.08
2498.53
2621.70
2445.75
2375.37
2533.72
2498.53
2551.32
2480.94
2498.53
2551.32
2463.34
2463.34
2498.53
2392.96
2428.15
2410.56
2357.77
2322.58
2252.20
1970.67
2375.37
2410.56
2375.37
2445.75
2252.20
2375.37
2357.77
2445.75
2428.15
2428.15
2287.39
2463.34
2392.96
2287.39
2269.79
2410.56
2357.77
2357.77
2727.27
2357.77
2375.37
2340.18
1724.34
2199.41
2269.79
2322.58
2252.20
2304.99
2392.96
2322.58
2304.99
2199.41
2199.41
2234.60
2340.18
2357.77
2375.37
2375.37
2322.58
2392.96
2322.58
2410.56
2252.20
2357.77
2428.15
2410.56
2428.15
2445.75
2445.75
2480.94
2375.37
2445.75
2445.75
2533.72
2410.56
1618.77
2551.32
2621.70
2516.13
2445.75
2621.70
2586.51
2498.53
2516.13
2551.32
2568.91
2551.32
2621.70
2604.11
2551.32
2604.11
2586.51
2639.30
2744.87
2568.91
2656.89
2674.49
3255.13
2674.49
2639.30
2498.53
2744.87
2586.51
2604.11
2551.32
2727.27
2463.34
2551.32
2551.32
2604.11
2533.72
2586.51
2621.70
2621.70
3378.30
2551.32
2111.44
2516.13
2340.18
2375.37
2252.20
2463.34
2692.08
2392.96
2410.56
2428.15
2392.96
2445.75
2463.34
2445.75
2304.99
2533.72
2410.56
2445.75
2445.75
2463.34
2445.75
2340.18
2480.94
2445.75
2445.75
2428.15
2480.94
2410.56
2357.77
2445.75
2428.15
2392.96
2498.53
2428.15
2480.94
2533.72
2586.51
2445.75
2480.94
2551.32
2533.72
2586.51
2568.91
2463.34
2621.70
2463.34
2621.70
2656.89
2674.49
2621.70
2709.68
2744.87
2762.46
2463.34
2727.27
2780.06
2692.08
1812.32
2744.87
2692.08
2692.08
2744.87
2621.70
2762.46
2744.87
2727.27
2604.11
2885.63
2604.11
2621.70
2674.49
2692.08
2551.32
2709.68
2639.30
2639.30
2604.11
2586.51
2568.91
2498.53
2533.72
2516.13
2005.87
2498.53
2516.13
2498.53
2357.77
2480.94
2586.51
2621.70
2463.34
2551.32
2463.34
2551.32
2516.13
2428.15
2533.72
2551.32
2551.32
2480.94
2568.91
2621.70
2604.11
2533.72
2410.56
2551.32
2639.30
2586.51
2551.32
2480.94
2463.34
2516.13
2498.53
2392.96
Pulsa 1 para comenzar la toma de datos
Pulsa 1 para comenzar la toma de datos

