2956.01
3043.99
2991.20
3096.77
2762.46
3079.18
2903.23
2956.01
2956.01
2938.42
3008.80
2991.20
3008.80
3026.39
3026.39
3026.39
2956.01
3096.77
3096.77
3043.99
3043.99
3096.77
3131.96
3114.37
3114.37
3043.99
3114.37
2938.42
3096.77
3096.77
3149.56
2991.20
2938.42
3114.37
3096.77
3167.16
2920.82
4011.73
3149.56
3149.56
2938.42
3114.37
3061.58
3079.18
2991.20
3184.75
3202.35
3149.56
3043.99
3466.28
3149.56
3149.56
3008.80
2868.04
2973.61
3202.35
2991.20
3202.35
3061.58
3255.13
3255.13
3219.94
3079.18
3114.37
2903.23
2920.82
2991.20
3043.99
2991.20
2973.61
2586.51
2656.89
2991.20
2956.01
3043.99
2797.65
2885.63
3043.99
2868.04
2938.42
2991.20
2973.61
3008.80
2956.01
3043.99
2920.82
2920.82
2832.84
2938.42
2920.82
3008.80
2903.23
2744.87
2938.42
2885.63
2991.20
2973.61
4152.49
3043.99
2991.20
3114.37
2973.61
3096.77
3167.16
3167.16
3061.58
3307.92
3167.16
3237.54
3272.73
3131.96
3061.58
2956.01
3008.80
3043.99
2973.61
2815.25
3624.63
2850.44
2956.01
3026.39
2850.44
2991.20
3026.39
2815.25
2850.44
3026.39
2991.20
3096.77
2885.63
2903.23
3008.80
2956.01
3008.80
2938.42
2762.46
2832.84
2903.23
2868.04
2780.06
2727.27
2832.84
2885.63
2815.25
2885.63
2920.82
2797.65
2973.61
2903.23
2762.46
2392.96
2868.04
2868.04
2885.63
2885.63
2744.87
2938.42
2920.82
2973.61
3026.39
2991.20
3096.77
3079.18
3008.80
3061.58
3079.18
3008.80
2885.63
2938.42
3008.80
3061.58
2973.61
3043.99
3043.99
2956.01
3079.18
3061.58
2920.82
3079.18
3131.96
3026.39
3167.16
3202.35
3096.77
3114.37
3131.96
3219.94
3202.35
3149.56
3131.96
3079.18
2938.42
3202.35
3131.96
3167.16
3149.56
3167.16
3131.96
3061.58
3149.56
3237.54
3026.39
3096.77
3061.58
2991.20
3008.80
3096.77
2868.04
3026.39
3026.39
3026.39
2832.84
2938.42
3043.99
3026.39
3061.58
2973.61
3096.77
3061.58
3079.18
3325.51
3096.77
3114.37
3008.80
3061.58
3043.99
3237.54
3255.13
2956.01
3272.73
3184.75
3237.54
3413.49
3255.13
3237.54
3167.16
2727.27
3061.58
3219.94
3255.13
3061.58
3219.94
3202.35
3219.94
3255.13
3184.75
3219.94
3202.35
3114.37
3114.37
3079.18
2956.01
3026.39
2956.01
2956.01
2956.01
2973.61
2938.42
2744.87
2920.82
2920.82
2903.23
2903.23
2956.01
2797.65
2973.61
2920.82
2058.65
2956.01
2991.20
2956.01
2903.23
2903.23
2885.63
2868.04
2885.63
2885.63
3008.80
2780.06
3008.80
3026.39
3043.99
3008.80
2991.20
2973.61
3061.58
2938.42
2868.04
2498.53
3149.56
2956.01
3096.77
3131.96
3079.18
3079.18
3079.18
3096.77
3079.18
3079.18
3184.75
3149.56
2956.01
3184.75
3008.80
3202.35
3202.35
2815.25
3219.94
3131.96
3079.18
2973.61
3219.94
3149.56
3026.39
3184.75
3202.35
3255.13
3255.13
3255.13
3255.13
3043.99
3378.30
3237.54
3255.13
3131.96
3589.44
3343.11
3272.73
3114.37
3325.51
3360.70
3272.73
3378.30
3237.54
3378.30
3290.32
3360.70
3167.16
3325.51
3378.30
3395.89
3343.11
3272.73
3202.35
3290.32
3395.89
3378.30
3378.30
3395.89
3255.13
3325.51
3343.11
3325.51
3219.94
3325.51
3378.30
3360.70
3343.11
3413.49
3343.11
3237.54
3114.37
3607.04
3325.51
3043.99
2991.20
3202.35
3149.56
3114.37
3061.58
3008.80
2973.61
2991.20
3008.80
3043.99
3026.39
2956.01
2956.01
2903.23
2991.20
2956.01
3026.39
3026.39
2920.82
3079.18
2938.42
3079.18
3079.18
2920.82
2956.01
3026.39
3079.18
3026.39
2903.23
3026.39
3026.39
3079.18
2868.04
2885.63
3237.54
3096.77
3114.37
2920.82
3079.18
2885.63
3008.80
2885.63
2991.20
3079.18
2938.42
3043.99
2991.20
2832.84
3096.77
2815.25
3061.58
3008.80
3061.58
2973.61
3026.39
3026.39
2991.20
2920.82
3747.80
2832.84
2973.61
2991.20
3008.80
2832.84
2850.44
3149.56
3008.80
3043.99
2938.42
3131.96
3079.18
3114.37
3131.96
2973.61
3096.77
3026.39
2956.01
3008.80
3061.58
3114.37
3061.58
3149.56
3096.77
3008.80
3096.77
3325.51
3131.96
2885.63
3043.99
2956.01
3061.58
3008.80
2885.63
2903.23
3026.39
2797.65
2956.01
2991.20
2920.82
2868.04
2903.23
2991.20
2797.65
3043.99
3043.99
2973.61
3043.99
2920.82
3079.18
3043.99
3184.75
3149.56
2850.44
2973.61
3043.99
3008.80
2956.01
3026.39
3114.37
3096.77
3096.77
3096.77
2885.63
2973.61
3079.18
3096.77
2956.01
2956.01
2885.63
2956.01
2956.01
3026.39
3079.18
2480.94
3043.99
3026.39
3096.77
3008.80
3026.39
3079.18
3061.58
3026.39
3026.39
2920.82
3061.58
3008.80
3026.39
3043.99
2956.01
2973.61
2973.61
3026.39
3079.18
2832.84
2815.25
2797.65
2903.23
2903.23
2797.65
2709.68
2832.84
2885.63
2832.84
2938.42
2903.23
3008.80
3008.80
3043.99
3026.39
3184.75
3008.80
3395.89
3167.16
3237.54
3255.13
3307.92
3272.73
3290.32
3360.70
3237.54
3325.51
3378.30
3307.92
3448.68
3431.08
3131.96
3466.28
3360.70
3255.13
3343.11
3307.92
3307.92
3237.54
3237.54
3149.56
3096.77
3061.58
3061.58
2920.82
3026.39
2903.23
3026.39
2956.01
3008.80
2991.20
3219.94
3079.18
3043.99
3184.75
3167.16
3061.58
3167.16
3167.16
3131.96
3272.73
3061.58
3131.96
3325.51
3360.70
3202.35
3290.32
3395.89
3360.70
3184.75
3290.32
3272.73
3290.32
3167.16
3307.92
3325.51
3325.51
3272.73
3149.56
3026.39
Pulsa 1 para comenzar la toma de datos
Pulsa 1 para comenzar la toma de datos

