3184.75
2885.63
3079.18
3008.80
2973.61
3043.99
2956.01
2991.20
3114.37
3079.18
3131.96
3149.56
3237.54
3131.96
3008.80
3184.75
3131.96
3079.18
3131.96
3149.56
3061.58
3184.75
3202.35
3008.80
3043.99
3237.54
3237.54
2692.08
3026.39
3307.92
2850.44
3272.73
3096.77
3167.16
3167.16
3290.32
3343.11
3219.94
3307.92
3325.51
3237.54
3237.54
3202.35
3043.99
3272.73
3079.18
3237.54
3272.73
3149.56
3043.99
3378.30
2956.01
3061.58
3096.77
3061.58
3026.39
3026.39
2568.91
2832.84
3008.80
2920.82
2938.42
2903.23
2692.08
2727.27
2903.23
2780.06
2868.04
2956.01
2991.20
2797.65
2991.20
3026.39
3008.80
3026.39
2956.01
3079.18
2920.82
2973.61
3096.77
2991.20
3096.77
2991.20
3061.58
3008.80
3043.99
2920.82
3131.96
3061.58
2956.01
2973.61
3184.75
3149.56
3026.39
3202.35
3079.18
2956.01
3079.18
3167.16
3149.56
2991.20
3202.35
3061.58
2973.61
3167.16
3149.56
3202.35
3202.35
3096.77
3149.56
3149.56
2991.20
3237.54
3114.37
3184.75
3131.96
3219.94
3184.75
3149.56
3114.37
3519.06
3167.16
3061.58
3131.96
3131.96
2956.01
3149.56
3255.13
3184.75
3114.37
3131.96
3184.75
3149.56
3184.75
3026.39
3202.35
3255.13
3272.73
3272.73
3219.94
3395.89
3149.56
3255.13
3131.96
2920.82
3202.35
3149.56
3307.92
3378.30
3272.73
3096.77
3325.51
3219.94
3079.18
3061.58
3184.75
3184.75
3184.75
3114.37
3237.54
3184.75
3255.13
3237.54
3325.51
3272.73
3343.11
3343.11
3343.11
3184.75
3360.70
3255.13
3114.37
3131.96
3307.92
3202.35
3149.56
3202.35
3782.99
3061.58
3061.58
3167.16
3079.18
3149.56
3131.96
3114.37
3096.77
3026.39
2832.84
3079.18
3096.77
3114.37
3043.99
2956.01
3026.39
3008.80
2762.46
2938.42
2762.46
2991.20
2938.42
2744.87
3008.80
2938.42
2973.61
3043.99
2885.63
3043.99
2973.61
3114.37
3079.18
3114.37
2920.82
2973.61
3184.75
3096.77
3043.99
3043.99
3167.16
3202.35
3184.75
3079.18
3061.58
2991.20
3008.80
3096.77
2498.53
3008.80
3167.16
3202.35
3114.37
3255.13
3149.56
3149.56
3167.16
3343.11
3290.32
3343.11
3237.54
3096.77
3272.73
3272.73
3202.35
3219.94
3255.13
3237.54
3325.51
3026.39
3131.96
3255.13
3026.39
3131.96
3167.16
3167.16
3079.18
3167.16
3149.56
2920.82
3079.18
3079.18
3131.96
2885.63
3149.56
2991.20
3079.18
3131.96
3114.37
3043.99
3149.56
2956.01
3114.37
3131.96
3131.96
3114.37
3219.94
3202.35
3237.54
3272.73
3237.54
3131.96
3290.32
3378.30
3290.32
3343.11
3219.94
3360.70
3149.56
3378.30
3167.16
3343.11
3167.16
3255.13
3096.77
3272.73
3202.35
3079.18
3237.54
3184.75
3219.94
3219.94
3079.18
3237.54
3184.75
3167.16
3237.54
2780.06
3237.54
3131.96
3026.39
3008.80
3026.39
3149.56
3061.58
2991.20
3167.16
3184.75
3114.37
3114.37
3149.56
3184.75
3096.77
3096.77
3167.16
3184.75
3096.77
2868.04
3096.77
3149.56
3096.77
3043.99
3167.16
3026.39
2973.61
2903.23
3043.99
3061.58
2991.20
2973.61
3043.99
3043.99
3272.73
2973.61
2885.63
2973.61
2920.82
2762.46
2973.61
2973.61
2938.42
3026.39
3043.99
2938.42
3026.39
2991.20
3026.39
2991.20
2850.44
3061.58
2973.61
2850.44
3061.58
3131.96
2956.01
3149.56
3079.18
3096.77
3079.18
3131.96
3043.99
3096.77
3096.77
3114.37
3043.99
3131.96
3008.80
3167.16
3184.75
3149.56
3096.77
2991.20
3219.94
3114.37
3237.54
3290.32
3079.18
3149.56
3360.70
3360.70
3307.92
3413.49
3519.06
3448.68
3272.73
3413.49
3466.28
3519.06
3483.87
3431.08
3307.92
3431.08
3624.63
3431.08
3219.94
3413.49
3307.92
3448.68
3413.49
3307.92
3360.70
3395.89
3378.30
3413.49
3378.30
3343.11
3378.30
3395.89
3378.30
3167.16
3395.89
3343.11
3378.30
3448.68
3290.32
3413.49
3466.28
3360.70
3378.30
3448.68
3466.28
3378.30
3395.89
3360.70
3360.70
3290.32
3325.51
3114.37
3378.30
3343.11
3255.13
3343.11
3290.32
3184.75
3255.13
3255.13
3219.94
3167.16
3114.37
3184.75
3202.35
3149.56
3167.16
3184.75
3131.96
3131.96
3026.39
3184.75
2991.20
3131.96
3149.56
3167.16
3131.96
3184.75
3202.35
3149.56
3131.96
2938.42
3079.18
3061.58
3096.77
3114.37
3131.96
2850.44
3096.77
3149.56
3131.96
2920.82
3114.37
3043.99
2885.63
3114.37
3096.77
2991.20
3079.18
3131.96
3026.39
3061.58
3131.96
3043.99
3184.75
3131.96
3255.13
3255.13
3219.94
3202.35
3325.51
3237.54
3131.96
3096.77
3131.96
3307.92
3325.51
3272.73
3167.16
3167.16
3272.73
3026.39
3290.32
3096.77
3184.75
3219.94
3307.92
3184.75
3043.99
3167.16
3026.39
3202.35
3079.18
3026.39
3096.77
2920.82
3149.56
3131.96
2973.61
3114.37
3114.37
3008.80
3079.18
3167.16
3202.35
3202.35
3149.56
2832.84
3167.16
3131.96
2991.20
3008.80
3008.80
3114.37
3184.75
3149.56
2903.23
2850.44
3237.54
3043.99
3026.39
3043.99
2991.20
2885.63
2956.01
2832.84
2885.63
2885.63
2797.65
3184.75
2868.04
2832.84
2727.27
2850.44
2832.84
2815.25
2868.04
2709.68
2832.84
2692.08
2709.68
2780.06
2832.84
2815.25
2797.65
2762.46
2762.46
2762.46
2780.06
2692.08
2692.08
2656.89
2797.65
2797.65
2815.25
2815.25
2762.46
2621.70
2780.06
2832.84
2832.84
2656.89
2797.65
2780.06
2832.84
2885.63
2815.25
2780.06
2780.06
2780.06
2762.46
2621.70
2815.25
2744.87
2727.27
2727.27
Pulsa 1 para comenzar la toma de datos
Pulsa 1 para comenzar la toma de datos

