2445.75
2410.56
2428.15
2375.37
2445.75
2463.34
2445.75
2269.79
2322.58
2357.77
2498.53
2480.94
2516.13
2129.03
2392.96
2445.75
2428.15
2463.34
2533.72
2357.77
2463.34
2428.15
2375.37
2428.15
2287.39
2322.58
2375.37
2392.96
2357.77
2234.60
2375.37
2410.56
2463.34
2428.15
2445.75
2392.96
2445.75
2392.96
2392.96
2269.79
2340.18
2322.58
2217.01
2287.39
2234.60
2234.60
2410.56
2322.58
2357.77
2269.79
2392.96
2375.37
2410.56
2445.75
2304.99
2375.37
2357.77
2516.13
2392.96
2498.53
2516.13
2516.13
2551.32
2568.91
2604.11
2586.51
2480.94
2480.94
2604.11
2480.94
2586.51
2551.32
2762.46
2551.32
2357.77
2480.94
2445.75
2252.20
2287.39
2058.65
2146.63
1882.70
1900.29
1724.34
1847.51
1882.70
1794.72
1935.48
2005.87
2093.84
2093.84
2287.39
2217.01
2199.41
2164.22
2252.20
2304.99
2217.01
2181.82
2269.79
2234.60
2375.37
2392.96
2480.94
2516.13
2516.13
2639.30
2568.91
2692.08
2709.68
2744.87
2709.68
2797.65
2868.04
2780.06
2762.46
2797.65
2780.06
2727.27
2639.30
2621.70
2727.27
2621.70
2656.89
2340.18
2604.11
2604.11
2533.72
2516.13
2516.13
2340.18
2375.37
2287.39
2217.01
2076.25
2093.84
1988.27
1970.67
1970.67
1953.08
1917.89
1900.29
1900.29
1935.48
1900.29
2076.25
2005.87
1917.89
1917.89
2111.44
2129.03
2111.44
2199.41
2304.99
2322.58
2445.75
2533.72
2604.11
2709.68
2727.27
2762.46
2639.30
2639.30
2639.30
2586.51
2533.72
2727.27
2727.27
2639.30
2674.49
2621.70
2621.70
2586.51
2551.32
2586.51
2586.51
2621.70
2727.27
2674.49
2604.11
2674.49
2727.27
2709.68
2639.30
2709.68
2744.87
2780.06
2568.91
2674.49
2692.08
2692.08
2533.72
2498.53
2480.94
2797.65
2692.08
2727.27
2516.13
2621.70
2639.30
2692.08
2604.11
2656.89
2709.68
2410.56
2480.94
2568.91
2568.91
2709.68
2656.89
2692.08
2551.32
2639.30
2533.72
2639.30
2656.89
3184.75
2674.49
2586.51
2516.13
2304.99
2674.49
2639.30
2674.49
2674.49
2533.72
2586.51
2656.89
2621.70
2656.89
2445.75
2621.70
2621.70
2639.30
2639.30
2621.70
2621.70
2516.13
2445.75
2375.37
2357.77
2463.34
2392.96
2445.75
2480.94
2357.77
2533.72
2551.32
2551.32
2516.13
2516.13
2322.58
2445.75
2498.53
2568.91
2533.72
2533.72
2568.91
2586.51
2480.94
2551.32
2533.72
2621.70
3096.77
2392.96
2498.53
2586.51
2410.56
2551.32
2533.72
2428.15
2375.37
2392.96
2480.94
2463.34
2551.32
2533.72
2428.15
2375.37
2410.56
2428.15
2445.75
2269.79
2357.77
2304.99
2445.75
2392.96
2357.77
2428.15
2428.15
2392.96
2410.56
2392.96
2410.56
2445.75
2445.75
2480.94
2480.94
2357.77
2692.08
2604.11
2551.32
2516.13
2480.94
2568.91
2586.51
2357.77
2445.75
2463.34
2480.94
2392.96
2392.96
2269.79
2252.20
2164.22
2199.41
2340.18
2252.20
2129.03
1988.27
2217.01
2287.39
2199.41
2762.46
2498.53
2445.75
2516.13
2551.32
2586.51
2568.91
2586.51
2146.63
2692.08
2727.27
2744.87
2551.32
2850.44
2639.30
2709.68
2656.89
2621.70
2604.11
2674.49
2445.75
2516.13
2586.51
2568.91
2586.51
2604.11
2410.56
2586.51
2199.41
2533.72
2551.32
2516.13
2445.75
2551.32
2533.72
2428.15
2410.56
2568.91
2498.53
2586.51
2551.32
2639.30
2480.94
2586.51
2762.46
2551.32
2815.25
2639.30
2815.25
2868.04
2709.68
2832.84
2903.23
2868.04
2832.84
2780.06
2568.91
2428.15
2392.96
2093.84
2111.44
1935.48
1900.29
1935.48
2005.87
2076.25
2129.03
2058.65
2129.03
2164.22
2304.99
2340.18
2269.79
2480.94
2375.37
2551.32
2551.32
2463.34
2551.32
2498.53
2674.49
2586.51
2709.68
2692.08
2674.49
2674.49
2551.32
2656.89
2639.30
2586.51
2621.70
2639.30
2656.89
2709.68
2709.68
2744.87
2815.25
2762.46
2621.70
2727.27
2744.87
2621.70
2727.27
2692.08
2568.91
2744.87
2727.27
2692.08
2621.70
2692.08
2621.70
2692.08
2639.30
2674.49
2692.08
2656.89
2674.49
2639.30
2727.27
2692.08
2639.30
2639.30
2692.08
2656.89
2692.08
2744.87
2780.06
2780.06
2674.49
2832.84
2850.44
2780.06
2815.25
2709.68
2815.25
2815.25
2780.06
2832.84
2568.91
2621.70
2815.25
2868.04
2815.25
2815.25
2815.25
2780.06
3061.58
2744.87
2744.87
2762.46
2709.68
2551.32
2744.87
2656.89
2780.06
2797.65
2744.87
2621.70
2850.44
2639.30
2709.68
2656.89
2692.08
2480.94
2445.75
2551.32
2357.77
2269.79
2093.84
1847.51
1953.08
2005.87
1935.48
1847.51
1759.53
1601.17
1442.82
1284.46
1108.50
1126.10
1090.91
1055.72
1108.50
1055.72
1178.89
1178.89
1196.48
1284.46
1319.65
1425.22
1478.01
1565.98
1636.36
1530.79
1460.41
1425.22
1372.43
1425.22
1442.82
1530.79
1513.20
1671.55
1741.94
1865.10
1847.51
1812.32
1706.74
1653.96
1618.77
1460.41
1284.46
1302.05
1231.67
1161.29
967.74
967.74
879.77
844.57
985.34
950.15
967.74
1108.50
1178.89
1161.29
1090.91
967.74
1108.50
1090.91
1126.10
1231.67
1407.62
1390.03
1565.98
1636.36
1636.36
1671.55
1794.72
1777.13
1706.74
1689.15
1689.15
1689.15
1495.60
1706.74
1460.41
1442.82
1495.60
1513.20
1407.62
1354.84
1390.03
1302.05
1337.24
1249.27
1231.67
1214.08
1214.08
1126.10
1143.69
967.74
985.34
862.17
967.74
1055.72
967.74
950.15
932.55
721.41
932.55
1073.31
1214.08
1214.08
1231.67
1425.22
1548.39
1583.58
Pulsa 1 para comenzar la toma de datos
Pulsa 1 para comenzar la toma de datos

