3730.20
3659.82
3765.40
3747.80
3994.13
3642.23
3888.56
3976.54
3888.56
3677.42
3659.82
3765.40
3958.94
3659.82
3818.18
3818.18
3695.01
3782.99
3589.44
3853.37
3800.59
3818.18
3853.37
3870.97
3782.99
3888.56
3818.18
3712.61
3906.16
3923.75
3677.42
3730.20
3818.18
3941.35
4029.33
3906.16
3800.59
3958.94
3906.16
3870.97
3941.35
4011.73
3923.75
3888.56
3747.80
3906.16
3941.35
3923.75
3747.80
3958.94
3835.78
3853.37
4029.33
3870.97
3782.99
3765.40
3800.59
3835.78
3659.82
3888.56
3835.78
3958.94
3818.18
3941.35
3941.35
3888.56
3958.94
3941.35
3923.75
3923.75
3800.59
3870.97
3941.35
3906.16
4275.66
3835.78
3906.16
3835.78
3853.37
3941.35
3765.40
3958.94
3607.04
4011.73
3730.20
3941.35
3958.94
3853.37
3870.97
3853.37
3976.54
3888.56
3870.97
3958.94
3818.18
3976.54
3994.13
3765.40
3853.37
4117.30
3958.94
3906.16
3730.20
3712.61
3695.01
3677.42
3800.59
3906.16
3958.94
3923.75
3730.20
3976.54
3730.20
3906.16
3994.13
3976.54
3976.54
3431.08
3747.80
3941.35
3941.35
4011.73
3747.80
3906.16
3941.35
3923.75
3870.97
3888.56
3765.40
3888.56
3712.61
3782.99
3923.75
3923.75
3818.18
3888.56
3994.13
3994.13
3994.13
3906.16
3712.61
3888.56
3906.16
3870.97
3835.78
3730.20
3712.61
3765.40
3835.78
3730.20
3870.97
3765.40
3853.37
3906.16
3782.99
3747.80
3712.61
3536.66
3765.40
3747.80
3818.18
3853.37
3765.40
3765.40
3624.63
3624.63
3888.56
3923.75
3870.97
3923.75
3923.75
3941.35
3870.97
3800.59
3800.59
3906.16
4046.92
3765.40
3906.16
3994.13
3994.13
4099.71
3888.56
3870.97
3923.75
3800.59
3888.56
3976.54
3730.20
3923.75
3958.94
3923.75
3747.80
3906.16
3958.94
3818.18
3853.37
3941.35
3958.94
4011.73
3659.82
3800.59
3941.35
3800.59
3906.16
4029.33
3941.35
3818.18
3782.99
3888.56
3870.97
3554.25
3624.63
3695.01
3782.99
3782.99
3747.80
3765.40
3624.63
3571.85
3607.04
3360.70
3448.68
3695.01
3695.01
3659.82
3624.63
3536.66
3272.73
3501.47
3466.28
3290.32
3343.11
3501.47
3835.78
3712.61
3677.42
3800.59
3747.80
4064.52
3730.20
3818.18
3835.78
3888.56
3958.94
3923.75
4082.11
3782.99
3730.20
3853.37
3906.16
3695.01
3853.37
3853.37
3800.59
3835.78
3941.35
3800.59
3677.42
3607.04
3589.44
3589.44
3571.85
3571.85
3659.82
3624.63
3624.63
3554.25
3642.23
3483.87
3659.82
3642.23
3677.42
3501.47
3378.30
3255.13
3413.49
3501.47
3571.85
3659.82
3747.80
3202.35
3800.59
3923.75
3923.75
4011.73
3923.75
3818.18
3800.59
3906.16
3958.94
4398.83
3818.18
4011.73
4029.33
3782.99
3976.54
4011.73
3747.80
4293.26
3958.94
4029.33
4064.52
3782.99
3976.54
4011.73
3888.56
3870.97
3976.54
4046.92
3870.97
3976.54
3765.40
3923.75
3958.94
3941.35
3888.56
3870.97
3888.56
3958.94
3659.82
3958.94
3906.16
3870.97
3870.97
3888.56
3853.37
3712.61
3888.56
3906.16
3818.18
3730.20
3853.37
3659.82
3888.56
3695.01
3835.78
3835.78
3747.80
3677.42
3677.42
3677.42
3466.28
3747.80
3607.04
3818.18
3589.44
3501.47
3501.47
3448.68
3290.32
3554.25
3536.66
3571.85
3589.44
3695.01
3747.80
3677.42
3747.80
3818.18
3695.01
3818.18
3888.56
3782.99
3695.01
3888.56
4029.33
4117.30
3994.13
3941.35
4293.26
3994.13
3870.97
3835.78
3923.75
3941.35
3906.16
3853.37
3677.42
3870.97
3818.18
3695.01
3976.54
3976.54
3994.13
3994.13
3994.13
3747.80
3976.54
3976.54
3730.20
4029.33
3870.97
4064.52
3923.75
3923.75
3941.35
3712.61
3923.75
3853.37
3730.20
3800.59
3994.13
3976.54
3994.13
3976.54
4011.73
3958.94
3994.13
3818.18
3853.37
4187.68
3782.99
3888.56
3941.35
3870.97
3870.97
3765.40
4011.73
3976.54
3923.75
3624.63
3923.75
3712.61
3906.16
3853.37
3818.18
3800.59
3782.99
3431.08
3765.40
3888.56
3958.94
3870.97
3853.37
3730.20
3747.80
3835.78
3923.75
3659.82
3730.20
3677.42
3818.18
3835.78
3695.01
3589.44
3747.80
3747.80
3677.42
3765.40
3818.18
3906.16
3941.35
4152.49
3888.56
4046.92
3941.35
3941.35
3958.94
3870.97
3888.56
4011.73
4029.33
3976.54
3976.54
3994.13
4011.73
3994.13
3958.94
3976.54
3712.61
4011.73
3994.13
4029.33
3994.13
3782.99
3835.78
4082.11
4099.71
3941.35
3835.78
4099.71
3853.37
4011.73
4117.30
3870.97
4064.52
3958.94
4222.87
3870.97
3906.16
3571.85
3906.16
3818.18
3853.37
3554.25
3413.49
3325.51
3483.87
3466.28
3343.11
3466.28
3395.89
3395.89
3642.23
3642.23
3607.04
3607.04
3853.37
3853.37
3923.75
3976.54
4029.33
3958.94
3888.56
3941.35
3782.99
3835.78
3818.18
3888.56
3923.75
3765.40
4029.33
3730.20
3870.97
3958.94
3994.13
4046.92
4011.73
4082.11
3941.35
3853.37
3941.35
4011.73
3994.13
3976.54
3958.94
3818.18
3888.56
4293.26
3994.13
3994.13
3994.13
3659.82
3677.42
3835.78
3853.37
3712.61
3747.80
3677.42
3642.23
3448.68
3501.47
3378.30
3413.49
3378.30
3061.58
3202.35
2973.61
3008.80
3167.16
2815.25
2991.20
2973.61
3061.58
3061.58
3114.37
2903.23
3079.18
3008.80
3026.39
3096.77
3008.80
2973.61
3149.56
2956.01
2850.44
2744.87
2885.63
3008.80
2903.23
2920.82
2797.65
2868.04
2920.82
2815.25
3079.18
3149.56
3061.58
3096.77
3413.49
3325.51
3343.11
3202.35
3307.92
3167.16
3290.32
3290.32
3184.75
Pulsa 1 para comenzar la toma de datos
Pulsa 1 para comenzar la toma de datos

