2850.44
3096.77
3131.96
3008.80
3026.39
2938.42
2832.84
2938.42
2903.23
2832.84
2621.70
2604.11
2586.51
2656.89
2516.13
2674.49
2815.25
2780.06
2762.46
2885.63
2938.42
2903.23
2973.61
3149.56
3219.94
3184.75
3114.37
3255.13
3202.35
3184.75
3114.37
3202.35
3008.80
2973.61
2938.42
3131.96
3571.85
3343.11
3395.89
3448.68
3466.28
3466.28
3431.08
3624.63
3536.66
3677.42
3607.04
3695.01
3747.80
3519.06
3747.80
3483.87
3659.82
3695.01
3712.61
3483.87
3695.01
3712.61
3695.01
3554.25
3677.42
3607.04
3730.20
3607.04
3642.23
3554.25
3642.23
3712.61
3642.23
3677.42
3677.42
3712.61
3519.06
3677.42
3677.42
3554.25
3589.44
3818.18
3642.23
3888.56
3659.82
3782.99
3870.97
3888.56
3870.97
3835.78
3870.97
3747.80
3941.35
3835.78
3941.35
3853.37
3835.78
3870.97
3870.97
3800.59
3800.59
3818.18
3923.75
3853.37
3835.78
4011.73
3906.16
3730.20
3853.37
3941.35
3870.97
3659.82
3818.18
3818.18
3888.56
3747.80
3870.97
3571.85
3765.40
3571.85
3782.99
3712.61
3589.44
3501.47
3519.06
3571.85
3589.44
3677.42
3747.80
3642.23
3079.18
3659.82
3712.61
3536.66
3712.61
3624.63
3835.78
3747.80
3835.78
3730.20
3818.18
3870.97
3888.56
3835.78
3782.99
3765.40
3571.85
3554.25
3501.47
3730.20
3782.99
3730.20
3624.63
3607.04
3642.23
3730.20
3536.66
3712.61
3519.06
3747.80
3589.44
3642.23
3730.20
3712.61
3659.82
3659.82
3642.23
3712.61
3712.61
3607.04
3483.87
3747.80
3659.82
3695.01
3695.01
3695.01
3554.25
3659.82
3571.85
3853.37
3818.18
3888.56
3906.16
3906.16
3800.59
3607.04
3906.16
3906.16
3906.16
3712.61
3765.40
3747.80
3765.40
3659.82
3747.80
3642.23
3730.20
3712.61
3782.99
3730.20
3782.99
3765.40
3765.40
3677.42
3730.20
3800.59
3395.89
3712.61
3624.63
3677.42
3677.42
3659.82
3712.61
3659.82
3659.82
3677.42
3695.01
3571.85
3730.20
3659.82
3695.01
3607.04
3765.40
3695.01
3571.85
3571.85
3536.66
3642.23
3747.80
3818.18
3800.59
3765.40
3712.61
3642.23
3624.63
3519.06
3695.01
3765.40
3730.20
3712.61
3501.47
3765.40
3624.63
3800.59
3835.78
3677.42
4152.49
3818.18
3818.18
3747.80
3835.78
3835.78
3818.18
3870.97
3853.37
3659.82
3888.56
3765.40
3642.23
3624.63
3624.63
3624.63
3765.40
3818.18
3677.42
3870.97
3519.06
3712.61
3677.42
3818.18
3695.01
3765.40
3554.25
3695.01
3624.63
3642.23
3607.04
3571.85
3782.99
3695.01
3835.78
3325.51
3853.37
3642.23
3677.42
3765.40
3800.59
3571.85
3782.99
3730.20
3747.80
3747.80
3853.37
3712.61
3695.01
3906.16
3853.37
3906.16
3906.16
3870.97
3958.94
3765.40
3835.78
3923.75
3941.35
3941.35
3800.59
3976.54
3835.78
4029.33
3923.75
3870.97
4064.52
3888.56
3994.13
4082.11
3958.94
3958.94
3800.59
3906.16
3835.78
4574.78
3818.18
3712.61
3413.49
3642.23
3395.89
3360.70
3202.35
3184.75
3290.32
3237.54
3149.56
3043.99
3167.16
3131.96
3237.54
3255.13
3483.87
3519.06
3607.04
3554.25
3536.66
3536.66
3554.25
3448.68
3307.92
3519.06
3413.49
3395.89
3395.89
3184.75
3448.68
3466.28
3642.23
3659.82
3536.66
3571.85
3765.40
3659.82
3712.61
3730.20
3870.97
3782.99
3536.66
3695.01
3765.40
3747.80
3554.25
3800.59
3888.56
3853.37
3624.63
3853.37
3800.59
3835.78
3870.97
3519.06
3782.99
3536.66
3835.78
3835.78
3747.80
3413.49
3712.61
3536.66
3782.99
3571.85
3624.63
3431.08
3554.25
3659.82
3607.04
3624.63
3712.61
3712.61
3695.01
3712.61
3607.04
3642.23
3026.39
3607.04
3712.61
3712.61
3747.80
3519.06
3395.89
3413.49
3589.44
3466.28
3466.28
3554.25
3483.87
3378.30
3378.30
3149.56
2938.42
2920.82
2903.23
2850.44
2604.11
2674.49
2533.72
2639.30
2604.11
2604.11
2410.56
2516.13
2551.32
2480.94
2516.13
2727.27
2604.11
2744.87
2832.84
2885.63
2885.63
2674.49
2656.89
2656.89
2639.30
2709.68
2780.06
2956.01
3061.58
3008.80
2973.61
2868.04
2973.61
3272.73
3219.94
3343.11
3483.87
3554.25
3343.11
3607.04
3501.47
3536.66
3554.25
3607.04
3607.04
3554.25
3448.68
3677.42
3431.08
3519.06
3659.82
3659.82
3712.61
3448.68
3624.63
3607.04
3589.44
3501.47
3554.25
3607.04
3554.25
3431.08
3642.23
3607.04
3466.28
3607.04
3659.82
3712.61
3624.63
3607.04
3747.80
3571.85
3624.63
3677.42
3730.20
3659.82
3501.47
3677.42
3730.20
3659.82
3782.99
3747.80
3835.78
3853.37
3730.20
3800.59
3624.63
3853.37
3888.56
3906.16
3923.75
3870.97
3906.16
3712.61
3941.35
3695.01
3941.35
3941.35
3782.99
3712.61
3765.40
3906.16
4082.11
3747.80
3888.56
3659.82
3853.37
3818.18
3659.82
3536.66
3642.23
3782.99
3712.61
3677.42
3659.82
3607.04
3695.01
3747.80
3712.61
3800.59
3747.80
3624.63
3800.59
3782.99
3853.37
3818.18
3870.97
3677.42
3800.59
3958.94
4909.09
4011.73
3853.37
3923.75
3818.18
4011.73
4011.73
4029.33
4029.33
3695.01
3923.75
3906.16
3906.16
3571.85
3853.37
3958.94
3659.82
3941.35
3906.16
4029.33
3782.99
3923.75
3923.75
3941.35
3923.75
3941.35
3818.18
3835.78
3677.42
4451.61
3888.56
3888.56
3747.80
3958.94
3958.94
4011.73
3835.78
3906.16
3976.54
3941.35
3923.75
3923.75
3765.40
3888.56
3923.75
3712.61
3659.82
3941.35
3923.75
3853.37
4011.73
3835.78
3782.99
3853.37
3976.54
4011.73
4011.73
Pulsa 1 para comenzar la toma de datos
Pulsa 1 para comenzar la toma de datos

