4205.28
4082.11
4152.49
4222.87
4134.90
4293.26
4222.87
4222.87
4592.38
4258.06
4275.66
4258.06
4170.09
4152.49
4310.85
4258.06
4222.87
4293.26
4240.47
4205.28
4187.68
4240.47
4275.66
4258.06
4205.28
4398.83
4046.92
4240.47
4170.09
4029.33
4222.87
4346.04
4310.85
4117.30
4170.09
4205.28
4258.06
4310.85
4258.06
4099.71
4258.06
4187.68
4240.47
4011.73
4117.30
4117.30
4152.49
4293.26
4152.49
4275.66
3906.16
4222.87
4222.87
4134.90
3906.16
3923.75
3888.56
4187.68
4064.52
3906.16
4170.09
4222.87
4134.90
4258.06
4134.90
4240.47
4117.30
4082.11
4082.11
4029.33
4082.11
3906.16
4117.30
4046.92
4152.49
4328.45
4187.68
4082.11
4222.87
4275.66
4293.26
4346.04
4381.23
4381.23
4381.23
4346.04
4310.85
4205.28
4064.52
4152.49
4310.85
4222.87
4029.33
4205.28
3958.94
4222.87
4187.68
4099.71
4346.04
3994.13
3149.56
4222.87
4222.87
4152.49
4117.30
4205.28
4346.04
4046.92
4134.90
4381.23
4275.66
4240.47
4170.09
4328.45
4346.04
4310.85
4258.06
4187.68
3782.99
3941.35
3677.42
3589.44
3677.42
3554.25
3571.85
3571.85
3747.80
3765.40
3659.82
3958.94
3888.56
4134.90
4205.28
4152.49
4258.06
4205.28
4064.52
3976.54
3906.16
4011.73
4187.68
4082.11
4187.68
4293.26
4046.92
4275.66
4222.87
4222.87
4275.66
4134.90
4240.47
4170.09
4363.64
4310.85
4240.47
4275.66
4258.06
4205.28
4363.64
4170.09
4328.45
4099.71
4328.45
4240.47
4240.47
3906.16
4170.09
4293.26
4117.30
4082.11
4328.45
4152.49
4222.87
4258.06
4346.04
4363.64
4293.26
4152.49
4328.45
4310.85
4240.47
4258.06
4293.26
4346.04
4310.85
4293.26
4346.04
4240.47
4346.04
4328.45
4152.49
4099.71
4240.47
3941.35
4275.66
4152.49
4310.85
4011.73
4310.85
4170.09
4381.23
4381.23
4346.04
4346.04
4293.26
4275.66
4310.85
4275.66
4029.33
4258.06
4275.66
4275.66
4275.66
4064.52
4205.28
4275.66
4310.85
4134.90
4064.52
4222.87
4363.64
4170.09
3870.97
4152.49
4170.09
4205.28
4240.47
4134.90
4222.87
4170.09
4222.87
4170.09
4293.26
3325.51
4099.71
4346.04
4258.06
4187.68
4046.92
4275.66
4046.92
4240.47
4346.04
4328.45
4310.85
4117.30
4099.71
4258.06
4205.28
4222.87
4363.64
4609.97
4170.09
4240.47
4205.28
4205.28
4117.30
4152.49
4240.47
4293.26
4328.45
4293.26
4258.06
4064.52
4205.28
4293.26
4240.47
4082.11
4240.47
4275.66
4222.87
4117.30
4310.85
4381.23
4170.09
4046.92
4170.09
4363.64
4064.52
4310.85
4293.26
4240.47
4029.33
4170.09
4275.66
4258.06
4381.23
4222.87
4821.11
4170.09
4293.26
4205.28
4416.42
4046.92
4134.90
4258.06
4222.87
4258.06
4346.04
4082.11
4293.26
4363.64
4275.66
4346.04
4205.28
4240.47
4222.87
4046.92
4064.52
4082.11
4240.47
4222.87
4328.45
4222.87
4170.09
4029.33
4152.49
4258.06
3941.35
4240.47
4310.85
4170.09
3923.75
4187.68
3994.13
4117.30
4029.33
3976.54
3923.75
3870.97
3782.99
3659.82
3624.63
3994.13
3413.49
3800.59
3800.59
4046.92
4011.73
4029.33
4029.33
3958.94
4064.52
3923.75
4152.49
4134.90
4117.30
4082.11
4099.71
4082.11
4029.33
4011.73
3800.59
3624.63
3800.59
3571.85
3483.87
3642.23
3571.85
3589.44
3483.87
3290.32
3395.89
3343.11
3343.11
3501.47
3378.30
3536.66
3659.82
3519.06
3607.04
3730.20
3782.99
3782.99
3835.78
3800.59
3747.80
3712.61
3607.04
3519.06
3431.08
3519.06
3378.30
3448.68
3536.66
3483.87
3677.42
3624.63
3818.18
3695.01
3853.37
3923.75
3941.35
3941.35
4275.66
4064.52
4205.28
3976.54
3906.16
3906.16
3976.54
3958.94
3853.37
4152.49
4117.30
4170.09
4222.87
4170.09
4275.66
4152.49
3976.54
4205.28
3994.13
4170.09
4205.28
4099.71
3923.75
4222.87
4205.28
3448.68
4222.87
4293.26
4082.11
4046.92
4011.73
4205.28
4310.85
4187.68
4064.52
3994.13
4434.02
4134.90
4117.30
4293.26
4381.23
4434.02
4363.64
4275.66
4363.64
4398.83
4398.83
4416.42
4381.23
4398.83
4310.85
4416.42
4293.26
4258.06
4293.26
4328.45
4328.45
4346.04
4398.83
4363.64
4363.64
4363.64
4398.83
4381.23
4363.64
4363.64
4293.26
4328.45
4205.28
4275.66
4205.28
4328.45
4170.09
4187.68
4082.11
4258.06
4258.06
4258.06
4064.52
4222.87
3923.75
4240.47
4240.47
3923.75
4240.47
4240.47
4082.11
4258.06
4222.87
4152.49
4205.28
4134.90
4205.28
4187.68
4205.28
4099.71
4222.87
3958.94
4205.28
4099.71
3958.94
4134.90
4187.68
3923.75
4117.30
3994.13
3958.94
4275.66
4381.23
4099.71
4205.28
4152.49
3976.54
4205.28
4170.09
4240.47
4170.09
4134.90
4152.49
3888.56
4258.06
4064.52
4222.87
3888.56
4222.87
4117.30
4258.06
4099.71
4170.09
4275.66
3906.16
4170.09
4275.66
4275.66
4240.47
3923.75
3906.16
4064.52
5120.23
4240.47
4258.06
4275.66
4222.87
4011.73
4117.30
4170.09
3994.13
4205.28
4240.47
4029.33
3941.35
4275.66
3994.13
4152.49
4205.28
4187.68
4187.68
4398.83
4222.87
4715.54
4064.52
4170.09
4134.90
4029.33
4275.66
4152.49
4187.68
3958.94
4187.68
4346.04
4240.47
5085.04
4029.33
4205.28
4029.33
4082.11
4222.87
4152.49
4205.28
4117.30
4011.73
4293.26
3870.97
3923.75
3923.75
4258.06
3941.35
4240.47
4082.11
4011.73
4134.90
3958.94
3941.35
4222.87
4187.68
4205.28
4205.28
4240.47
4258.06
4117.30
3976.54
4064.52
4258.06
3994.13
4134.90
Pulsa 1 para comenzar la toma de datos
Pulsa 1 para comenzar la toma de datos

