3853.37
4029.33
4152.49
4082.11
4117.30
4046.92
4029.33
4170.09
3888.56
4082.11
3958.94
4046.92
4117.30
4346.04
4099.71
4011.73
3870.97
3870.97
4046.92
4117.30
3835.78
3906.16
4082.11
4117.30
4046.92
3747.80
3958.94
4416.42
4064.52
3958.94
4029.33
4170.09
3906.16
4029.33
3994.13
4117.30
4064.52
4029.33
3888.56
4029.33
3853.37
4011.73
4064.52
3941.35
4099.71
4082.11
4134.90
4134.90
4011.73
3888.56
3835.78
3994.13
3941.35
4011.73
3976.54
3853.37
3941.35
4099.71
4029.33
4046.92
3976.54
3941.35
3747.80
3958.94
3835.78
4011.73
4082.11
4064.52
4029.33
3695.01
3747.80
3906.16
3888.56
3888.56
4011.73
4134.90
4082.11
3818.18
4046.92
3835.78
3941.35
4011.73
3782.99
3888.56
3994.13
3941.35
4064.52
4046.92
3800.59
3941.35
3818.18
3958.94
3923.75
3958.94
4011.73
3923.75
3800.59
3800.59
3677.42
3765.40
3747.80
3976.54
3888.56
3782.99
3765.40
3923.75
3202.35
3765.40
3712.61
3853.37
3747.80
3835.78
3519.06
3765.40
3835.78
3765.40
3624.63
3853.37
3589.44
3870.97
3677.42
3747.80
3747.80
3677.42
3712.61
3923.75
3906.16
3941.35
3765.40
3853.37
3923.75
3888.56
4082.11
4099.71
3976.54
3976.54
3994.13
4205.28
4521.99
4134.90
4134.90
3853.37
4029.33
4064.52
3994.13
3958.94
4099.71
4099.71
4170.09
4064.52
4222.87
4187.68
4310.85
4222.87
4240.47
4222.87
4117.30
3888.56
4134.90
4152.49
3941.35
4134.90
4222.87
4187.68
3958.94
4099.71
4099.71
4134.90
4117.30
4099.71
4082.11
4082.11
3941.35
4046.92
3976.54
4222.87
4205.28
3923.75
4064.52
4134.90
3958.94
4046.92
3712.61
3941.35
4117.30
4029.33
4046.92
3888.56
4082.11
4029.33
4064.52
4082.11
4099.71
4099.71
4170.09
4134.90
4082.11
4011.73
4170.09
4187.68
3870.97
4152.49
4187.68
4134.90
4099.71
3994.13
3994.13
4170.09
4134.90
4064.52
3870.97
4046.92
3800.59
3835.78
3765.40
4064.52
4082.11
4082.11
4275.66
4152.49
3906.16
4099.71
4117.30
4029.33
3958.94
4064.52
4152.49
3994.13
4064.52
3923.75
4275.66
4258.06
4205.28
4240.47
4205.28
3906.16
3958.94
4258.06
4187.68
4117.30
4240.47
4258.06
4275.66
4240.47
4082.11
4187.68
4240.47
4275.66
4346.04
4328.45
4258.06
4134.90
4134.90
4310.85
4064.52
4363.64
4381.23
4346.04
4662.76
4381.23
4539.59
4363.64
4486.80
4469.21
4574.78
4557.18
4381.23
4416.42
4346.04
4310.85
4381.23
4293.26
4240.47
3307.92
4275.66
4310.85
4064.52
4064.52
4205.28
4099.71
4134.90
4082.11
4011.73
4029.33
3888.56
3941.35
3994.13
3730.20
3712.61
3607.04
3554.25
3325.51
3483.87
3290.32
3730.20
3343.11
3448.68
3378.30
3466.28
3536.66
3818.18
3870.97
3958.94
4064.52
4064.52
3976.54
4099.71
4117.30
4170.09
4170.09
4222.87
3958.94
4152.49
4258.06
4293.26
4240.47
4222.87
4275.66
4328.45
4293.26
4293.26
3941.35
4240.47
4187.68
4258.06
4187.68
4064.52
4240.47
4152.49
4222.87
4222.87
4310.85
4258.06
4381.23
4187.68
4240.47
4064.52
4205.28
4293.26
4310.85
4328.45
4082.11
4011.73
3888.56
4046.92
3853.37
3994.13
4029.33
4170.09
4170.09
4064.52
4152.49
3853.37
4134.90
4046.92
3818.18
3888.56
3958.94
4064.52
4134.90
4046.92
4205.28
3941.35
3958.94
4046.92
4029.33
3958.94
4082.11
4240.47
4046.92
4258.06
4258.06
4046.92
4205.28
4310.85
4029.33
4046.92
4152.49
3941.35
4205.28
4082.11
4064.52
3923.75
3870.97
4134.90
3853.37
4205.28
4064.52
4099.71
4029.33
4099.71
3906.16
3765.40
4134.90
4152.49
3923.75
4240.47
4134.90
4187.68
4099.71
4117.30
4082.11
4099.71
4205.28
4064.52
3994.13
4117.30
4187.68
4275.66
4134.90
4222.87
4222.87
4187.68
4205.28
4170.09
4187.68
4187.68
4099.71
4258.06
4328.45
4310.85
4416.42
4258.06
4381.23
4557.18
4504.40
4521.99
4539.59
4434.02
4258.06
4170.09
3994.13
3994.13
4046.92
3923.75
3941.35
3994.13
4046.92
3923.75
4117.30
3835.78
3800.59
3994.13
4134.90
3976.54
3976.54
4064.52
4082.11
3888.56
3958.94
4082.11
4222.87
4187.68
4082.11
4117.30
4170.09
3941.35
4117.30
4117.30
3923.75
4258.06
4240.47
4170.09
4258.06
4275.66
4046.92
4328.45
4293.26
4170.09
4293.26
4310.85
4170.09
4293.26
4222.87
4222.87
4117.30
4117.30
4064.52
3976.54
3976.54
3835.78
3800.59
3958.94
3958.94
4046.92
3958.94
3958.94
3782.99
3624.63
3870.97
3835.78
4029.33
4117.30
4134.90
4099.71
4082.11
3994.13
3976.54
3906.16
3782.99
3554.25
3853.37
3994.13
3923.75
3870.97
3994.13
3906.16
3994.13
3853.37
3994.13
4082.11
3958.94
4029.33
4029.33
3888.56
4082.11
4011.73
4117.30
4046.92
4011.73
3818.18
4117.30
4064.52
4099.71
4152.49
4082.11
3994.13
3976.54
4099.71
4046.92
3870.97
4099.71
3888.56
4046.92
4082.11
4029.33
3906.16
4134.90
3976.54
4046.92
4011.73
4046.92
3976.54
3941.35
3888.56
3888.56
3835.78
3958.94
3853.37
3941.35
3994.13
3870.97
4099.71
4029.33
4046.92
4029.33
4029.33
4029.33
4134.90
4011.73
3976.54
3958.94
4082.11
4099.71
4046.92
4134.90
3906.16
3906.16
4170.09
4134.90
4152.49
3853.37
4170.09
4134.90
4046.92
4117.30
4046.92
4117.30
4046.92
4117.30
3906.16
4187.68
4117.30
4134.90
3853.37
3941.35
4134.90
4134.90
4064.52
3941.35
4082.11
4134.90
4082.11
4011.73
3923.75
4011.73
4187.68
4170.09
4082.11
Pulsa 1 para comenzar la toma de datos
Pulsa 1 para comenzar la toma de datos

