3290.32
3325.51
3096.77
3149.56
3307.92
3307.92
3272.73
3325.51
3167.16
3255.13
3096.77
3202.35
3131.96
3061.58
3008.80
2780.06
2903.23
2832.84
2815.25
2920.82
2832.84
2903.23
2903.23
2903.23
2868.04
3360.70
3114.37
3043.99
3061.58
3061.58
3043.99
3008.80
3008.80
3008.80
3114.37
3114.37
3061.58
2956.01
3079.18
2991.20
2920.82
3026.39
3079.18
3043.99
2956.01
2797.65
2780.06
3008.80
2973.61
2744.87
2920.82
2903.23
2815.25
3008.80
2956.01
2956.01
2973.61
3008.80
2956.01
2920.82
2903.23
3079.18
3079.18
3149.56
3096.77
3131.96
2903.23
3043.99
2956.01
2973.61
3008.80
3043.99
2973.61
2973.61
2850.44
2744.87
2744.87
2797.65
2744.87
2780.06
2709.68
2568.91
2656.89
2727.27
2780.06
2762.46
2709.68
2639.30
2780.06
2744.87
2797.65
2656.89
2744.87
2586.51
2656.89
2709.68
2445.75
2656.89
2604.11
2604.11
2463.34
2410.56
2357.77
2498.53
2533.72
2551.32
2568.91
2621.70
2568.91
2621.70
2709.68
2604.11
2762.46
2797.65
2850.44
2903.23
2938.42
2868.04
3325.51
3079.18
3079.18
3114.37
3184.75
3149.56
3131.96
3061.58
3061.58
2920.82
2973.61
2375.37
2920.82
2920.82
2868.04
2885.63
3026.39
2956.01
2815.25
2938.42
2903.23
2780.06
2780.06
2727.27
2621.70
2568.91
2656.89
2709.68
2744.87
2621.70
2850.44
2868.04
2920.82
2991.20
3096.77
3008.80
3061.58
3131.96
3149.56
3237.54
3131.96
3184.75
3149.56
3008.80
3096.77
3290.32
2903.23
3184.75
3255.13
3184.75
3043.99
3167.16
3167.16
3219.94
3272.73
3131.96
3343.11
3413.49
3360.70
3325.51
3466.28
3431.08
3378.30
3255.13
3378.30
3202.35
3219.94
3378.30
3343.11
3290.32
3290.32
3360.70
3184.75
3343.11
3237.54
3255.13
3237.54
3360.70
3413.49
3360.70
3307.92
3096.77
3343.11
3131.96
3149.56
3184.75
3114.37
3290.32
3237.54
3079.18
3378.30
3202.35
3219.94
3131.96
3043.99
3184.75
3167.16
3149.56
3008.80
3131.96
3184.75
3114.37
2885.63
3043.99
3079.18
2903.23
3061.58
2938.42
2938.42
2956.01
3131.96
3167.16
3202.35
3149.56
3325.51
3307.92
3343.11
3272.73
3448.68
3483.87
3343.11
3202.35
3413.49
3431.08
3413.49
3466.28
3378.30
3202.35
3272.73
3360.70
3307.92
3272.73
3096.77
3202.35
3184.75
3448.68
3290.32
3255.13
3272.73
3184.75
3184.75
3290.32
3096.77
3325.51
3219.94
3043.99
3219.94
3237.54
3255.13
3360.70
3325.51
3431.08
3413.49
3466.28
3325.51
3466.28
3624.63
3695.01
3624.63
3642.23
3659.82
3571.85
3571.85
3589.44
3659.82
3624.63
3519.06
3483.87
3131.96
3237.54
2991.20
3167.16
2991.20
2938.42
2797.65
2832.84
3079.18
3079.18
3043.99
3096.77
3167.16
3360.70
3290.32
2956.01
3360.70
3395.89
3378.30
2956.01
3413.49
3571.85
3501.47
3466.28
3219.94
3255.13
3272.73
3519.06
3413.49
3255.13
3237.54
3448.68
3413.49
3976.54
3413.49
3536.66
3378.30
3536.66
3554.25
3237.54
3202.35
3026.39
3413.49
3431.08
3343.11
3184.75
3413.49
3448.68
3378.30
3466.28
3290.32
3431.08
3395.89
3360.70
3483.87
3431.08
3483.87
3290.32
3325.51
3483.87
3483.87
3501.47
3290.32
3360.70
3466.28
3536.66
3519.06
3448.68
3466.28
3448.68
3395.89
3237.54
3343.11
3483.87
3466.28
3466.28
3378.30
3378.30
3431.08
3343.11
3360.70
3167.16
3219.94
3131.96
3131.96
3096.77
3131.96
3255.13
3255.13
3167.16
3167.16
3079.18
3888.56
3096.77
3202.35
3272.73
3255.13
3325.51
3237.54
3184.75
3395.89
3448.68
3483.87
3448.68
3501.47
3483.87
3571.85
3589.44
3571.85
3554.25
3237.54
3325.51
3413.49
3466.28
3483.87
3448.68
3448.68
3466.28
3431.08
3554.25
3325.51
3519.06
3255.13
3448.68
3413.49
3360.70
3237.54
3413.49
3237.54
3431.08
3483.87
3642.23
3853.37
3835.78
3677.42
3906.16
3571.85
3800.59
3800.59
3765.40
3747.80
3695.01
3607.04
3624.63
3483.87
3642.23
3571.85
2903.23
3431.08
3501.47
3501.47
3554.25
3571.85
3501.47
3519.06
3255.13
3536.66
3466.28
3307.92
3307.92
3360.70
3448.68
2674.49
3554.25
3466.28
3307.92
3413.49
3378.30
3079.18
3167.16
3378.30
3167.16
3131.96
3413.49
3114.37
3343.11
3466.28
3554.25
3642.23
3659.82
3624.63
3835.78
3835.78
3853.37
3571.85
3782.99
3765.40
3607.04
3589.44
3571.85
3659.82
3571.85
3677.42
3712.61
3677.42
3519.06
3536.66
3923.75
3642.23
3554.25
3431.08
3360.70
3448.68
3466.28
2709.68
3413.49
3624.63
3519.06
3431.08
3431.08
3378.30
3378.30
3290.32
3325.51
3378.30
3184.75
3360.70
3747.80
3378.30
3219.94
3378.30
3378.30
3290.32
3466.28
3343.11
3378.30
3290.32
3325.51
3325.51
3255.13
3466.28
3307.92
3448.68
3413.49
3501.47
3255.13
3431.08
3184.75
3272.73
2956.01
3255.13
3307.92
3237.54
2991.20
3114.37
3307.92
3272.73
3184.75
3431.08
3466.28
3501.47
4592.38
3325.51
3747.80
3782.99
3501.47
3554.25
3466.28
3501.47
3659.82
3624.63
3554.25
3360.70
3642.23
3624.63
3624.63
3571.85
3589.44
3395.89
3290.32
3395.89
3624.63
3466.28
3431.08
3360.70
3378.30
3307.92
3360.70
3219.94
3360.70
3307.92
3202.35
2991.20
2938.42
2709.68
2621.70
2568.91
2463.34
2357.77
2445.75
2392.96
2269.79
2252.20
2357.77
2304.99
2181.82
2621.70
2498.53
2498.53
2375.37
2551.32
2656.89
2480.94
2428.15
2428.15
2392.96
2586.51
2674.49
2604.11
2938.42
2938.42
2850.44
3043.99
Pulsa 1 para comenzar la toma de datos
Pulsa 1 para comenzar la toma de datos

