4064.52
4187.68
4029.33
4134.90
4258.06
4293.26
3958.94
3941.35
4258.06
4363.64
4222.87
4187.68
4082.11
4187.68
4328.45
4099.71
4310.85
4275.66
4293.26
4310.85
4046.92
4258.06
4398.83
4363.64
4293.26
4398.83
4346.04
4310.85
4222.87
4346.04
4504.40
4434.02
4240.47
4275.66
4416.42
4451.61
4451.61
4363.64
4187.68
4346.04
4346.04
4205.28
4046.92
4381.23
4398.83
4134.90
4275.66
4310.85
4011.73
4293.26
4099.71
4328.45
4152.49
4258.06
4011.73
4064.52
4011.73
4310.85
4152.49
4240.47
4381.23
4240.47
4434.02
4293.26
4363.64
4398.83
4398.83
4381.23
4046.92
4381.23
4592.38
4346.04
4222.87
4170.09
4275.66
4363.64
4381.23
4381.23
4398.83
4416.42
4082.11
4328.45
4363.64
4328.45
4275.66
3906.16
3923.75
4099.71
4222.87
4117.30
4170.09
4310.85
4310.85
4275.66
4275.66
4346.04
4152.49
4434.02
4082.11
4346.04
4416.42
4346.04
4258.06
3994.13
4293.26
4346.04
4187.68
4099.71
4117.30
4346.04
4363.64
4134.90
4328.45
4346.04
4170.09
4398.83
4275.66
4258.06
4293.26
4328.45
4275.66
4170.09
4258.06
4328.45
4099.71
4310.85
4328.45
4328.45
4310.85
3958.94
3994.13
4046.92
4275.66
4293.26
4310.85
4310.85
4363.64
4240.47
3976.54
4064.52
4240.47
4310.85
4434.02
4363.64
4539.59
4328.45
4152.49
4187.68
4346.04
4381.23
4346.04
4152.49
4398.83
4416.42
4310.85
4310.85
4398.83
3782.99
4416.42
4434.02
4504.40
4064.52
4205.28
4363.64
4416.42
4346.04
4381.23
4398.83
4434.02
4451.61
4451.61
4099.71
4082.11
4082.11
4222.87
4152.49
4240.47
4346.04
4363.64
4170.09
4363.64
4363.64
4134.90
4099.71
4398.83
4205.28
4416.42
4416.42
4134.90
4240.47
4346.04
4328.45
4416.42
4398.83
4486.80
4363.64
4328.45
4381.23
4258.06
4275.66
4275.66
4258.06
4310.85
4293.26
4029.33
4275.66
4346.04
4416.42
4434.02
4381.23
4170.09
4363.64
4434.02
4434.02
4416.42
4293.26
4152.49
4434.02
4486.80
4398.83
4346.04
4258.06
4082.11
4046.92
4521.99
4275.66
4469.21
4539.59
4451.61
4205.28
4451.61
4187.68
4328.45
4363.64
4293.26
4346.04
4240.47
4381.23
4293.26
4310.85
4363.64
4434.02
4117.30
4205.28
4310.85
4170.09
4328.45
4310.85
4469.21
4416.42
4240.47
4134.90
4082.11
3800.59
4029.33
4082.11
3941.35
4310.85
4346.04
4258.06
4134.90
4029.33
4117.30
4205.28
4222.87
4293.26
4082.11
4170.09
4099.71
4328.45
4275.66
4240.47
4434.02
4187.68
4011.73
4363.64
4258.06
4328.45
4170.09
4398.83
4363.64
4346.04
4328.45
4645.16
4381.23
4363.64
4328.45
4064.52
4310.85
4099.71
4328.45
4328.45
4258.06
4099.71
4275.66
4346.04
4310.85
4258.06
4029.33
4240.47
4240.47
4293.26
4293.26
4803.52
4398.83
4574.78
4328.45
4398.83
4328.45
4434.02
4328.45
4398.83
4222.87
4451.61
4134.90
4434.02
4398.83
4046.92
4152.49
4434.02
4381.23
4275.66
4240.47
4310.85
4152.49
4134.90
4275.66
4275.66
4310.85
4222.87
4240.47
4046.92
4258.06
4310.85
4310.85
4363.64
4293.26
4310.85
4328.45
4310.85
4416.42
4205.28
4346.04
4293.26
4275.66
4258.06
4117.30
4416.42
4187.68
4328.45
4346.04
4011.73
4258.06
4258.06
4187.68
4170.09
4170.09
3941.35
4134.90
4187.68
4187.68
3765.40
4029.33
3888.56
3923.75
4082.11
3923.75
3149.56
3976.54
4029.33
4082.11
3994.13
3976.54
3536.66
3800.59
3712.61
3818.18
4046.92
4134.90
4029.33
4029.33
3800.59
3958.94
4029.33
4046.92
4222.87
4134.90
3800.59
3730.20
3818.18
3782.99
3747.80
3712.61
3536.66
3395.89
3536.66
3483.87
3571.85
3607.04
3607.04
3466.28
3730.20
3677.42
3712.61
3870.97
3800.59
4205.28
4205.28
4381.23
4099.71
4346.04
4346.04
4486.80
4398.83
4381.23
4398.83
4416.42
4310.85
4310.85
4504.40
4416.42
4469.21
4434.02
4381.23
4434.02
4152.49
4258.06
4310.85
4293.26
4310.85
4240.47
4082.11
4504.40
4275.66
4328.45
4222.87
4134.90
4082.11
4082.11
4205.28
4381.23
4346.04
4064.52
4363.64
4381.23
4363.64
4539.59
4469.21
4222.87
4240.47
4205.28
4363.64
4152.49
4346.04
4328.45
4240.47
4258.06
4346.04
4134.90
4205.28
4310.85
4134.90
3958.94
3941.35
3976.54
4082.11
4205.28
4258.06
4152.49
4469.21
4328.45
4381.23
4328.45
4082.11
4134.90
4328.45
4293.26
4134.90
4346.04
4293.26
4222.87
4205.28
4258.06
4258.06
4258.06
4434.02
4398.83
4046.92
4346.04
4451.61
4046.92
4451.61
4152.49
4328.45
4152.49
4346.04
4134.90
4275.66
4398.83
4134.90
4381.23
4240.47
4346.04
4310.85
4416.42
4117.30
3659.82
4187.68
4346.04
4416.42
4310.85
4222.87
4328.45
4363.64
4205.28
4434.02
4240.47
4381.23
4170.09
4346.04
4346.04
4346.04
4346.04
4381.23
4293.26
4082.11
4310.85
4258.06
4240.47
3994.13
4064.52
4082.11
4328.45
4310.85
4240.47
4187.68
4187.68
4152.49
4346.04
4469.21
4346.04
4222.87
4099.71
4398.83
3941.35
4205.28
4187.68
4205.28
4275.66
4240.47
4346.04
4134.90
4328.45
4363.64
4134.90
3519.06
4117.30
4187.68
3994.13
4099.71
4029.33
3923.75
3976.54
3941.35
4011.73
4046.92
4117.30
4275.66
4293.26
4222.87
4117.30
4082.11
4310.85
4293.26
4222.87
4222.87
4310.85
4328.45
4363.64
4486.80
4363.64
4240.47
4134.90
4258.06
4293.26
4046.92
4152.49
4205.28
4275.66
3994.13
4328.45
4134.90
4293.26
4328.45
3695.01
4346.04
4381.23
4258.06
4187.68
Pulsa 1 para comenzar la toma de datos
Pulsa 1 para comenzar la toma de datos

