4029.33
4328.45
4381.23
4398.83
4275.66
4469.21
4504.40
4416.42
4504.40
4469.21
4082.11
4328.45
4469.21
4381.23
4416.42
4469.21
4416.42
4416.42
4328.45
4363.64
4346.04
4275.66
4117.30
4451.61
4486.80
4451.61
4222.87
4469.21
4275.66
4469.21
4398.83
4645.16
4434.02
4486.80
4574.78
4486.80
4381.23
4258.06
4434.02
4486.80
4539.59
4521.99
4486.80
4434.02
4451.61
4293.26
4381.23
4469.21
4451.61
4398.83
4170.09
4398.83
4398.83
4240.47
4398.83
4187.68
4275.66
4363.64
4434.02
4469.21
4469.21
4328.45
4258.06
4328.45
4346.04
4609.97
4346.04
4240.47
4328.45
4205.28
4434.02
4363.64
4082.11
4486.80
4363.64
4293.26
4346.04
4222.87
4117.30
4381.23
4381.23
4134.90
4434.02
4310.85
4187.68
4293.26
4310.85
4416.42
4117.30
4064.52
4434.02
4451.61
4398.83
4521.99
4381.23
4434.02
4451.61
4469.21
4170.09
4434.02
4434.02
4275.66
4222.87
4469.21
4205.28
4398.83
4363.64
4416.42
4293.26
4434.02
4486.80
4398.83
4416.42
4398.83
4574.78
4434.02
4240.47
4222.87
4381.23
4574.78
4275.66
4117.30
4381.23
4258.06
4240.47
4310.85
4398.83
4416.42
4416.42
4486.80
4099.71
4416.42
4416.42
4398.83
4416.42
4504.40
4434.02
4469.21
4486.80
4187.68
4521.99
4486.80
4152.49
4363.64
4469.21
4469.21
4574.78
5190.62
4469.21
4504.40
4275.66
4434.02
4451.61
4469.21
4469.21
4258.06
4398.83
4363.64
4275.66
4381.23
4240.47
4187.68
4117.30
4416.42
4469.21
4469.21
4381.23
4363.64
4469.21
4434.02
4310.85
4486.80
4275.66
4398.83
4328.45
4134.90
4469.21
4469.21
4064.52
4293.26
4504.40
4486.80
4258.06
4451.61
4574.78
4416.42
4451.61
4310.85
4363.64
4363.64
4416.42
4451.61
4328.45
4363.64
4064.52
4205.28
4134.90
3677.42
4187.68
4117.30
4346.04
4205.28
4592.38
4557.18
4645.16
4222.87
4398.83
4416.42
4434.02
4416.42
4152.49
4645.16
4346.04
4134.90
4117.30
4170.09
4416.42
4293.26
4346.04
4346.04
4293.26
4521.99
4434.02
4381.23
4434.02
4381.23
4363.64
4240.47
4434.02
4486.80
4451.61
4416.42
4275.66
4170.09
4381.23
4662.76
4434.02
4222.87
4328.45
4346.04
4258.06
4398.83
4187.68
4521.99
4275.66
4381.23
4574.78
4416.42
4557.18
4416.42
4504.40
4434.02
4346.04
4504.40
4416.42
4240.47
4398.83
4346.04
4152.49
4346.04
4451.61
4486.80
4205.28
4469.21
4310.85
4187.68
4134.90
4310.85
4310.85
4416.42
4328.45
4152.49
4469.21
4328.45
4170.09
4434.02
4134.90
4240.47
4363.64
4328.45
4240.47
4381.23
4205.28
4310.85
4258.06
4328.45
3941.35
3976.54
4346.04
4258.06
4222.87
4451.61
4187.68
4381.23
4046.92
4222.87
3976.54
4222.87
4222.87
4152.49
4029.33
4222.87
4398.83
4539.59
4539.59
4486.80
4451.61
4504.40
4504.40
4328.45
4434.02
4258.06
4328.45
4134.90
4099.71
4134.90
4293.26
4275.66
4346.04
4293.26
4328.45
4222.87
4504.40
4293.26
4398.83
4416.42
4434.02
4346.04
4293.26
4310.85
4293.26
4381.23
4521.99
4451.61
4363.64
4434.02
4363.64
4328.45
4222.87
4187.68
4363.64
4328.45
4134.90
4134.90
4187.68
4082.11
4046.92
4082.11
4046.92
4134.90
4205.28
3958.94
4293.26
4064.52
4046.92
4205.28
4222.87
4258.06
4187.68
4152.49
4310.85
4346.04
4398.83
4222.87
4346.04
4310.85
4416.42
4381.23
4240.47
4170.09
4134.90
4504.40
4521.99
4046.92
4557.18
4205.28
4205.28
4381.23
4346.04
4451.61
4451.61
4346.04
4381.23
4521.99
4363.64
4381.23
4451.61
4328.45
4469.21
4521.99
4451.61
4222.87
4416.42
4363.64
4363.64
4346.04
4504.40
4170.09
4310.85
4821.11
4416.42
4469.21
4539.59
4469.21
4117.30
4416.42
4363.64
4082.11
4434.02
4381.23
4328.45
4416.42
4451.61
4170.09
4275.66
4240.47
4117.30
4451.61
4451.61
4258.06
4187.68
4258.06
4346.04
4293.26
4328.45
4346.04
4434.02
4363.64
4363.64
4205.28
4240.47
4222.87
4381.23
4381.23
4187.68
4328.45
4082.11
4240.47
4381.23
4205.28
4381.23
4328.45
4346.04
4328.45
4258.06
4381.23
4434.02
4381.23
4328.45
4416.42
4328.45
5085.04
4434.02
4170.09
4293.26
4275.66
4152.49
4134.90
4152.49
4134.90
3994.13
3906.16
3906.16
3765.40
3659.82
3730.20
3765.40
3941.35
3782.99
4029.33
4082.11
3976.54
3923.75
3941.35
3994.13
3800.59
3870.97
3941.35
3730.20
3747.80
3519.06
3677.42
3571.85
3483.87
3272.73
3466.28
3307.92
2991.20
2973.61
2903.23
2780.06
2639.30
2797.65
2832.84
2815.25
2762.46
2885.63
2780.06
2885.63
2956.01
3043.99
3008.80
3202.35
3255.13
3466.28
3448.68
3853.37
3835.78
3923.75
3958.94
4082.11
4029.33
4152.49
4451.61
4381.23
4346.04
4310.85
4521.99
4310.85
4381.23
4434.02
4680.35
4328.45
5313.78
4275.66
4293.26
3431.08
4152.49
4381.23
4346.04
4574.78
4152.49
4170.09
4205.28
4205.28
4346.04
4434.02
4275.66
4434.02
5085.04
3395.89
4328.45
4416.42
4046.92
4363.64
4310.85
4240.47
3958.94
4275.66
4504.40
4293.26
4328.45
4346.04
4381.23
4434.02
4416.42
4187.68
4504.40
4381.23
4346.04
4170.09
4275.66
4363.64
4363.64
4293.26
4046.92
4152.49
3976.54
4363.64
4363.64
4275.66
4346.04
4346.04
3976.54
4187.68
4205.28
4240.47
3994.13
4258.06
4222.87
4152.49
4046.92
4293.26
4222.87
4152.49
4170.09
4205.28
4222.87
4240.47
4222.87
4275.66
3994.13
4046.92
4187.68
4240.47
4152.49
4205.28
4099.71
4152.49
Pulsa 1 para comenzar la toma de datos
Pulsa 1 para comenzar la toma de datos

