3958.94
4064.52
4275.66
4240.47
4346.04
4504.40
4574.78
4645.16
4750.73
4891.50
4768.33
5085.04
5454.55
5137.83
5085.04
5313.78
5296.19
5278.59
5014.66
5278.59
5366.57
4944.28
5366.57
4909.09
5401.76
5278.59
5296.19
5208.21
5348.97
4961.88
5243.40
5137.83
5225.81
5225.81
5296.19
5331.38
5173.02
5331.38
5208.21
5032.26
5296.19
5278.59
5278.59
5225.81
5225.81
5208.21
4944.28
5173.02
5296.19
5014.66
4979.47
4856.31
5155.42
5190.62
5190.62
5173.02
4838.71
5612.90
4909.09
5261.00
5173.02
5014.66
5155.42
4856.31
5243.40
5296.19
5137.83
5190.62
5102.64
5173.02
5137.83
5120.23
5085.04
4961.88
5296.19
5190.62
4961.88
5102.64
5137.83
5348.97
5085.04
5190.62
5208.21
4891.50
5085.04
5137.83
5102.64
5225.81
5190.62
5137.83
5173.02
5032.26
5102.64
4997.07
4750.73
5085.04
4838.71
5014.66
4785.92
5014.66
4961.88
4944.28
5014.66
4979.47
4997.07
4979.47
5067.45
5120.23
4873.90
5208.21
5173.02
5067.45
5067.45
4909.09
5225.81
5014.66
5014.66
5120.23
5190.62
5049.85
5049.85
5085.04
4979.47
5067.45
5032.26
4609.97
4627.57
4785.92
4873.90
4504.40
4645.16
4627.57
4486.80
4398.83
4152.49
4117.30
4134.90
4046.92
3994.13
3958.94
4011.73
3695.01
3800.59
3923.75
3888.56
3747.80
4011.73
3976.54
4117.30
4187.68
4029.33
4029.33
4082.11
4029.33
4152.49
4170.09
3712.61
4170.09
4064.52
4205.28
4258.06
4240.47
4099.71
4170.09
4258.06
4240.47
4275.66
4363.64
4011.73
3835.78
3958.94
4046.92
4222.87
4011.73
4205.28
4134.90
4398.83
3818.18
4434.02
4346.04
4451.61
4469.21
4592.38
4697.95
4697.95
4662.76
4715.54
4838.71
4521.99
4680.35
4592.38
4381.23
4486.80
4521.99
4715.54
4662.76
4680.35
4645.16
4997.07
5049.85
4979.47
5155.42
5261.00
5102.64
5261.00
5137.83
5243.40
5278.59
5155.42
5243.40
5243.40
5173.02
5243.40
5243.40
5243.40
5243.40
4961.88
5067.45
5155.42
5173.02
5102.64
5120.23
5173.02
5190.62
5032.26
5014.66
4979.47
5049.85
4979.47
5032.26
4926.69
4768.33
5085.04
4803.52
4979.47
5208.21
4961.88
4873.90
4856.31
5067.45
4979.47
4627.57
4961.88
4609.97
4715.54
4803.52
4821.11
4838.71
4592.38
4715.54
4909.09
4768.33
4768.33
4891.50
4768.33
4574.78
4821.11
4838.71
4997.07
4909.09
4873.90
4838.71
4557.18
4557.18
4469.21
4434.02
4152.49
4363.64
4557.18
4609.97
4697.95
4768.33
4821.11
4821.11
4909.09
4997.07
4750.73
5049.85
5032.26
4961.88
4821.11
5067.45
5137.83
4750.73
4944.28
5225.81
5102.64
5137.83
5225.81
5261.00
5190.62
4961.88
4733.14
4997.07
5120.23
5102.64
5401.76
5014.66
5102.64
5102.64
4979.47
5155.42
4979.47
4821.11
4733.14
5032.26
4697.95
4856.31
4909.09
4891.50
4873.90
4891.50
4733.14
5085.04
5067.45
5137.83
4891.50
4609.97
4979.47
4944.28
4944.28
4803.52
4926.69
4821.11
4557.18
4346.04
4574.78
4803.52
4856.31
4961.88
5102.64
4768.33
4997.07
4961.88
4891.50
4662.76
4785.92
4909.09
4521.99
4750.73
4697.95
4416.42
4609.97
4504.40
4381.23
4592.38
4451.61
4592.38
4486.80
4768.33
4697.95
4856.31
4539.59
4733.14
4803.52
4504.40
4574.78
4785.92
4803.52
4926.69
4838.71
4926.69
4926.69
4680.35
5067.45
4838.71
4821.11
4944.28
4785.92
4909.09
5014.66
4733.14
4961.88
4715.54
4891.50
4873.90
4961.88
4926.69
4785.92
4803.52
4785.92
4909.09
4838.71
4592.38
4856.31
4944.28
4733.14
4715.54
4873.90
4838.71
4785.92
4715.54
4592.38
4416.42
4768.33
4715.54
4592.38
4680.35
4416.42
4486.80
4697.95
4873.90
4821.11
4680.35
4733.14
4574.78
4856.31
4715.54
4856.31
5014.66
4821.11
4909.09
4944.28
5014.66
5067.45
4944.28
5102.64
4750.73
5102.64
5067.45
4961.88
5067.45
5155.42
5155.42
4926.69
5067.45
4891.50
5085.04
4961.88
5102.64
5120.23
4997.07
5120.23
5120.23
4750.73
5049.85
5014.66
5085.04
4909.09
4838.71
4750.73
5155.42
4821.11
4856.31
4821.11
4733.14
5067.45
4997.07
4961.88
4944.28
4997.07
5049.85
4873.90
5014.66
5208.21
5032.26
5085.04
5032.26
5067.45
4891.50
4803.52
4856.31
4697.95
4697.95
4838.71
4785.92
4715.54
4697.95
4803.52
4909.09
4768.33
4891.50
4662.76
4944.28
4979.47
4768.33
4750.73
4803.52
5032.26
5067.45
4891.50
5102.64
4961.88
4662.76
4909.09
4909.09
4627.57
5049.85
4944.28
4856.31
4944.28
4997.07
4821.11
4997.07
4750.73
4926.69
4785.92
4873.90
4873.90
4838.71
4733.14
4662.76
4856.31
4521.99
4979.47
4733.14
4574.78
4891.50
4856.31
4873.90
4821.11
4891.50
4697.95
4803.52
4715.54
4768.33
4539.59
4891.50
4592.38
4821.11
4873.90
4856.31
4750.73
4451.61
4873.90
4785.92
4592.38
4856.31
4557.18
4750.73
4856.31
4557.18
4574.78
4891.50
4715.54
4856.31
4838.71
4926.69
4768.33
4926.69
4715.54
4873.90
4715.54
4662.76
4838.71
4821.11
4539.59
4803.52
4891.50
4733.14
4697.95
4873.90
4750.73
4944.28
4909.09
4997.07
4697.95
4662.76
4733.14
4645.16
4979.47
4944.28
4785.92
5049.85
5032.26
5067.45
5067.45
4750.73
5120.23
5067.45
4926.69
4979.47
5067.45
4803.52
4944.28
5049.85
4944.28
4785.92
4821.11
4768.33
5049.85
4768.33
4944.28
4715.54
4944.28
4997.07
4944.28
4961.88
4293.26
4803.52
4803.52
4891.50
4609.97
4680.35
4486.80
4909.09
4486.80
4821.11
4609.97
Pulsa 1 para comenzar la toma de datos
Pulsa 1 para comenzar la toma de datos

