4557.18
4856.31
4592.38
4768.33
4873.90
4873.90
4891.50
4733.14
4785.92
4609.97
4926.69
4821.11
4803.52
4944.28
4434.02
4645.16
4627.57
4381.23
4803.52
4733.14
4346.04
4328.45
4609.97
4733.14
4733.14
4821.11
5067.45
5331.38
4873.90
5190.62
5102.64
5102.64
4680.35
5049.85
5049.85
4275.66
4821.11
4856.31
4557.18
4891.50
4750.73
4821.11
4662.76
4961.88
5049.85
4944.28
5102.64
5102.64
5137.83
4961.88
5137.83
5120.23
4944.28
5155.42
4909.09
5102.64
4997.07
4733.14
4733.14
4979.47
4697.95
4944.28
4944.28
4803.52
4785.92
4715.54
4979.47
5049.85
4997.07
5173.02
4838.71
4997.07
5085.04
4997.07
4891.50
4891.50
4926.69
5085.04
4909.09
4961.88
4926.69
4768.33
4891.50
4944.28
5032.26
4873.90
5102.64
4997.07
4821.11
4891.50
4944.28
4697.95
4891.50
4627.57
5014.66
4785.92
5014.66
4750.73
5049.85
4909.09
4785.92
5419.35
5049.85
4821.11
4856.31
4873.90
4997.07
4733.14
4926.69
5049.85
5032.26
4627.57
4592.38
4979.47
4926.69
4979.47
4891.50
5120.23
5120.23
5085.04
4785.92
4997.07
5067.45
4944.28
4838.71
5032.26
5085.04
5120.23
5067.45
4979.47
4873.90
5085.04
5067.45
4821.11
4803.52
5085.04
4979.47
4979.47
4873.90
4909.09
4979.47
4926.69
4856.31
5014.66
4961.88
4891.50
5120.23
5190.62
5155.42
5137.83
5278.59
4873.90
5173.02
5173.02
4891.50
5155.42
5155.42
5085.04
5014.66
5102.64
5261.00
5208.21
5032.26
5225.81
5243.40
5296.19
5190.62
5225.81
5049.85
4821.11
5120.23
5225.81
4979.47
5032.26
5102.64
5595.31
4768.33
4926.69
4944.28
4944.28
5014.66
4838.71
5155.42
5049.85
4979.47
4891.50
5102.64
5032.26
4873.90
4997.07
4909.09
4891.50
5049.85
4715.54
4821.11
4856.31
4662.76
4838.71
4997.07
4785.92
5137.83
4926.69
4979.47
5155.42
4873.90
5225.81
4891.50
4838.71
4856.31
5331.38
4961.88
4961.88
4944.28
4944.28
4662.76
4821.11
4733.14
4803.52
4662.76
4486.80
4592.38
4715.54
4715.54
4697.95
4504.40
5507.33
4486.80
4592.38
4574.78
4662.76
4803.52
4662.76
4803.52
4873.90
4926.69
4961.88
4856.31
4627.57
4662.76
4609.97
4680.35
4785.92
4733.14
5190.62
4521.99
5067.45
4891.50
4997.07
4856.31
4821.11
4944.28
4680.35
4856.31
4891.50
4627.57
4873.90
4803.52
5067.45
4821.11
4891.50
4750.73
4645.16
4785.92
4909.09
4680.35
4961.88
4909.09
4891.50
4979.47
4926.69
4856.31
4803.52
4627.57
4821.11
4838.71
4803.52
4627.57
4944.28
4750.73
4997.07
4680.35
4979.47
4803.52
4609.97
4539.59
4961.88
4697.95
4662.76
4821.11
4909.09
4662.76
4539.59
4697.95
4856.31
4557.18
4803.52
4838.71
4645.16
4627.57
4838.71
4821.11
4821.11
4539.59
4557.18
4416.42
4909.09
4891.50
4803.52
4697.95
4768.33
4821.11
4768.33
4416.42
4785.92
4803.52
4785.92
4873.90
4944.28
4909.09
4838.71
4961.88
4926.69
4926.69
4961.88
4856.31
4750.73
4997.07
4997.07
4961.88
4697.95
4926.69
4856.31
4944.28
4697.95
4979.47
4909.09
4909.09
4680.35
4715.54
4715.54
4944.28
4997.07
4733.14
4891.50
4909.09
4785.92
4803.52
4873.90
4838.71
4803.52
4891.50
4680.35
4821.11
4574.78
4909.09
4609.97
4838.71
4891.50
4909.09
4873.90
4856.31
4504.40
5718.47
4733.14
4838.71
4873.90
4803.52
4486.80
4750.73
4856.31
4539.59
4803.52
4750.73
4785.92
4821.11
4873.90
4891.50
4803.52
4733.14
4909.09
4821.11
4574.78
4997.07
4645.16
4821.11
4838.71
4645.16
4785.92
4891.50
4944.28
4926.69
4961.88
4891.50
4944.28
4961.88
4961.88
4733.14
4909.09
4715.54
5049.85
4768.33
5067.45
5137.83
4838.71
4838.71
5032.26
4785.92
5085.04
4926.69
5102.64
4838.71
4944.28
4856.31
4961.88
4909.09
4856.31
4768.33
4645.16
4785.92
4504.40
4856.31
4627.57
4891.50
4838.71
4856.31
4821.11
4926.69
4592.38
4680.35
4838.71
4944.28
4785.92
4750.73
4521.99
4838.71
4785.92
4873.90
4821.11
5085.04
4785.92
4750.73
4821.11
4891.50
4680.35
4856.31
4592.38
4785.92
4909.09
4873.90
4662.76
4733.14
4838.71
4926.69
4944.28
4909.09
5173.02
4785.92
4803.52
4803.52
4909.09
4803.52
4891.50
4574.78
4891.50
4873.90
4715.54
4662.76
4592.38
4557.18
4891.50
4715.54
4997.07
4909.09
4733.14
4592.38
4645.16
4821.11
4662.76
4961.88
4838.71
4785.92
4697.95
4064.52
4856.31
4909.09
4539.59
4838.71
4873.90
4926.69
4926.69
4733.14
4909.09
4662.76
4856.31
4926.69
4891.50
4592.38
4856.31
4821.11
4557.18
4926.69
4891.50
4785.92
4803.52
5049.85
4856.31
4733.14
5014.66
4909.09
4838.71
4909.09
5278.59
4733.14
4821.11
4785.92
4979.47
4697.95
5102.64
4909.09
4961.88
4873.90
4909.09
4926.69
4944.28
5067.45
4961.88
5049.85
5067.45
4697.95
4909.09
4891.50
5120.23
5190.62
4785.92
5085.04
5173.02
5102.64
4856.31
5049.85
4944.28
4944.28
5384.16
5049.85
5173.02
5120.23
5067.45
5049.85
5049.85
4592.38
4451.61
5208.21
5067.45
5067.45
4821.11
5137.83
4909.09
4838.71
4944.28
4873.90
4926.69
4750.73
4944.28
4909.09
4926.69
4627.57
4363.64
4733.14
4557.18
5067.45
5032.26
5032.26
5049.85
4909.09
4821.11
4768.33
5032.26
4609.97
5032.26
4856.31
5067.45
4979.47
4979.47
4891.50
4909.09
5120.23
4733.14
5085.04
4803.52
5049.85
5014.66
4803.52
4662.76
4785.92
4961.88
4997.07
5049.85
4944.28
4785.92
5014.66
Pulsa 1 para comenzar la toma de datos
Pulsa 1 para comenzar la toma de datos

